0	19594
0.00285	19565
0.0057	19525
0.00855	19493
0.0114	19443
0.01425	19383
0.0171	19313
0.01995	19245
0.0228	19194
0.02565	19139
0.0285	19094
0.03135	19054
0.0342	19016
0.03705	18963
0.0399	18922
0.04275	18869
0.0456	18843
0.04845	18800
0.0513	18795
0.05415	18760
0.057	18746
0.05985	18695
0.0627	18689
0.06555	18642
0.0684	18642
0.07125	18618
0.0741	18622
0.07695	18606
0.0798	18608
0.08265	18576
0.0855	18573
0.08835	18554
0.0912	18568
0.09405	18556
0.0969	18573
0.09975	18565
0.1026	18574
0.10545	18542
0.1083	18549
0.11115	18555
0.114	18568
0.11685	18566
0.1197	18582
0.12255	18584
0.1254	18581
0.12825	18558
0.1311	18571
0.13395	18579
0.1368	18597
0.13965	18606
0.1425	18616
0.14535	18612
0.1482	18619
0.15105	18606
0.1539	18617
0.15675	18622
0.1596	18648
0.16245	18661
0.1653	18669
0.16815	18658
0.171	18672
0.17385	18657
0.1767	18676
0.17955	18682
0.1824	18712
0.18525	18710
0.1881	18731
0.19095	18718
0.1938	18727
0.19665	18725
0.1995	18757
0.20235	18760
0.2052	18801
0.20805	18802
0.2109	18829
0.21375	18821
0.2166	18837
0.21945	18839
0.2223	18876
0.22515	18901
0.228	18925
0.23085	18936
0.2337	18946
0.23655	18943
0.2394	18961
0.24225	18981
0.2451	19003
0.24795	19011
0.2508	19036
0.25365	19041
0.2565	19052
0.25935	19047
0.2622	19047
0.26505	19050
0.2679	19078
0.27075	19094
0.2736	19098
0.27645	19085
0.2793	19090
0.28215	19072
0.285	19080
0.28785	19080
0.2907	19096
0.29355	19095
0.2964	19098
0.29925	19070
0.3021	19074
0.30495	19054
0.3078	19062
0.31065	19053
0.3135	19077
0.31635	19056
0.3192	19056
0.32205	19027
0.3249	19028
0.32775	19007
0.3306	19018
0.33345	19011
0.3363	19029
0.33915	19011
0.342	19009
0.34485	18984
0.3477	18981
0.35055	18981
0.3534	18988
0.35625	18981
0.3591	18995
0.36195	18997
0.3648	18984
0.36765	18974
0.3705	18973
0.37335	18975
0.3762	18986
0.37905	18991
0.3819	19000
0.38475	18990
0.3876	18994
0.39045	18973
0.3933	18990
0.39615	18991
0.399	19016
0.40185	19015
0.4047	19028
0.40755	19016
0.4104	19022
0.41325	19013
0.4161	19034
0.41895	19038
0.4218	19065
0.42465	19068
0.4275	19077
0.43035	19072
0.4332	19094
0.43605	19077
0.4389	19096
0.44175	19110
0.4446	19146
0.44745	19140
0.4503	19151
0.45315	19150
0.456	19159
0.45885	19160
0.4617	19189
0.46455	19197
0.4674	19229
0.47025	19234
0.4731	19235
0.47595	19232
0.4788	19247
0.48165	19265
0.4845	19282
0.48735	19305
0.4902	19321
0.49305	19323
0.4959	19321
0.49875	19331
0.5016	19339
0.50445	19342
0.5073	19367
0.51015	19382
0.513	19405
0.51585	19387
0.5187	19399
0.52155	19397
0.5244	19422
0.52725	19418
0.5301	19452
0.53295	19458
0.5358	19475
0.53865	19457
0.5415	19480
0.54435	19469
0.5472	19493
0.55005	19487
0.5529	19528
0.55575	19518
0.5586	19538
0.56145	19513
0.5643	19525
0.56715	19517
0.57	19551
0.57285	19543
0.5757	19571
0.57855	19568
0.5814	19578
0.58425	19551
0.5871	19567
0.58995	19581
0.5928	19590
0.59565	19595
0.5985	19612
0.60135	19610
0.6042	19611
0.60705	19612
0.6099	19613
0.61275	19614
0.6156	19615
0.61845	19616
0.6213	19617
0.62415	19618
0.627	19619
0.62985	19620
0.6327	19621
0.63555	19622
0.6384	19623
0.64125	19624
0.6441	19625
0.64695	19626
0.6498	19627
0.65265	19628
0.6555	19629
0.65835	19630
0.6612	19631
0.66405	19632
0.6669	19633
0.66975	19634
0.6726	19635
0.67545	19636
0.6783	19637
0.68115	19638
0.684	19639
0.68685	19640
0.6897	19641
0.69255	19642
0.6954	19643
0.69825	19644
0.7011	19645
0.70395	19646
0.7068	19647
0.70965	19648
0.7125	19649
0.71535	19650
0.7182	19651
0.72105	19652
0.7239	19653
0.72675	19654
0.7296	19655
0.73245	19656
0.7353	19657
0.73815	19658
0.741	19658
0.74385	19657
0.7467	19659
0.74955	19657
0.7524	19658
0.75525	19659
0.7581	19660
0.76095	19645
0.7638	19656
0.76665	19664
0.7695	19695
0.77235	19674
0.7752	19687
0.77805	19674
0.7809	19674
0.78375	19663
0.7866	19686
0.78945	19687
0.7923	19713
0.79515	19699
0.798	19709
0.80085	19688
0.8037	19685
0.80655	19686
0.8094	19713
0.81225	19707
0.8151	19718
0.81795	19715
0.8208	19717
0.82365	19716
0.8265	19704
0.82935	19709
0.8322	19718
0.83505	19725
0.8379	19725
0.84075	19715
0.8436	19705
0.84645	19677
0.8493	19678
0.85215	19669
0.855	19674
0.85785	19651
0.8607	19644
0.86355	19598
0.8664	19573
0.86925	19525
0.8721	19506
0.87495	19459
0.8778	19441
0.88065	19381
0.8835	19341
0.88635	19262
0.8892	19208
0.89205	19128
0.8949	19090
0.89775	19019
0.9006	18989
0.90345	18931
0.9063	18891
0.90915	18821
0.912	18778
0.91485	18740
0.9177	18722
0.92055	18679
0.9234	18672
0.92625	18626
0.9291	18605
0.93195	18561
0.9348	18540
0.93765	18526
0.9405	18521
0.94335	18509
0.9462	18502
0.94905	18498
0.9519	18479
0.95475	18450
0.9576	18445
0.96045	18454
0.9633	18465
0.96615	18450
0.969	18462
0.97185	18448
0.9747	18445
0.97755	18424
0.9804	18451
0.98325	18447
0.9861	18467
0.98895	18465
0.9918	18473
0.99465	18461
0.9975	18473
1.00035	18461
1.0032	18477
1.00605	18480
1.0089	18509
1.01175	18504
1.0146	18517
1.01745	18512
1.0203	18515
1.02315	18507
1.026	18533
1.02885	18541
1.0317	18568
1.03455	18554
1.0374	18570
1.04025	18563
1.0431	18563
1.04595	18576
1.0488	18606
1.05165	18626
1.0545	18642
1.05735	18642
1.0602	18652
1.06305	18655
1.0659	18664
1.06875	18685
1.0716	18701
1.07445	18715
1.0773	18749
1.08015	18757
1.083	18759
1.08585	18775
1.0887	18791
1.09155	18811
1.0944	18840
1.09725	18871
1.1001	18887
1.10295	18880
1.1058	18896
1.10865	18910
1.1115	18929
1.11435	18934
1.1172	18966
1.12005	18972
1.1229	18991
1.12575	18981
1.1286	18994
1.13145	18986
1.1343	19013
1.13715	19015
1.14	19036
1.14285	19025
1.1457	19035
1.14855	19016
1.1514	19019
1.15425	19002
1.1571	19032
1.15995	19018
1.1628	19021
1.16565	19010
1.1685	19018
1.17135	18991
1.1742	18990
1.17705	18982
1.1799	18994
1.18275	18977
1.1856	18988
1.18845	18973
1.1913	18961
1.19415	18940
1.197	18931
1.19985	18928
1.2027	18942
1.20555	18939
1.2084	18933
1.21125	18904
1.2141	18906
1.21695	18891
1.2198	18888
1.22265	18881
1.2255	18904
1.22835	18905
1.2312	18894
1.23405	18878
1.2369	18881
1.23975	18867
1.2426	18878
1.24545	18876
1.2483	18914
1.25115	18893
1.254	18900
1.25685	18879
1.2597	18899
1.26255	18886
1.2654	18908
1.26825	18908
1.2711	18935
1.27395	18922
1.2768	18930
1.27965	18914
1.2825	18914
1.28535	18935
1.2882	18953
1.29105	18958
1.2939	18981
1.29675	18981
1.2996	18985
1.30245	18972
1.3053	18984
1.30815	19005
1.311	19022
1.31385	19034
1.3167	19042
1.31955	19042
1.3224	19053
1.32525	19048
1.3281	19058
1.33095	19069
1.3338	19102
1.33665	19112
1.3395	19118
1.34235	19109
1.3452	19125
1.34805	19117
1.3509	19141
1.35375	19143
1.3566	19182
1.35945	19178
1.3623	19194
1.36515	19182
1.368	19205
1.37085	19191
1.3737	19218
1.37655	19224
1.3794	19265
1.38225	19249
1.3851	19256
1.38795	19245
1.3908	19261
1.39365	19259
1.3965	19281
1.39935	19287
1.4022	19313
1.40505	19303
1.4079	19309
1.41075	19297
1.4136	19310
1.41645	19319
1.4193	19331
1.42215	19341
1.425	19357
1.42785	19359
1.4307	19349
1.43355	19348
1.4364	19352
1.43925	19366
1.4421	19373
1.44495	19374
1.4478	19384
1.45065	19377
1.4535	19373
1.45635	19361
1.4592	19382
1.46205	19383
1.4649	19403
1.46775	19397
1.4706	19414
1.47345	19393
1.4763	19394
1.47915	19384
1.482	19410
1.48485	19407
1.4877	19439
1.49055	19421
1.4934	19429
1.49625	19405
1.4991	19409
1.50195	19406
1.5048	19429
1.50765	19425
1.5105	19432
1.51335	19431
1.5162	19437
1.51905	19422
1.5219	19425
1.52475	19423
1.5276	19445
1.53045	19443
1.5333	19457
1.53615	19454
1.539	19447
1.54185	19435
1.5447	19432
1.54755	19445
1.5504	19450
1.55325	19461
1.5561	19459
1.55895	19444
1.5618	19443
1.56465	19427
1.5675	19441
1.57035	19440
1.5732	19457
1.57605	19467
1.5789	19469
1.58175	19445
1.5846	19452
1.58745	19437
1.5903	19457
1.59315	19450
1.596	19477
1.59885	19469
1.6017	19477
1.60455	19451
1.6074	19473
1.61025	19450
1.6131	19480
1.61595	19470
1.6188	19489
1.62165	19479
1.6245	19493
1.62735	19466
1.6302	19475
1.63305	19473
1.6359	19501
1.63875	19489
1.6416	19506
1.64445	19503
1.6473	19509
1.65015	19494
1.653	19495
1.65585	19511
1.6587	19520
1.66155	19525
1.6644	19527
1.66725	19528
1.6701	19517
1.67295	19499
1.6758	19515
1.67865	19527
1.6815	19534
1.68435	19547
1.6872	19546
1.69005	19526
1.6929	19529
1.69575	19534
1.6986	19537
1.70145	19531
1.7043	19559
1.70715	19549
1.71	19555
1.71285	19534
1.7157	19549
1.71855	19523
1.7214	19545
1.72425	19538
1.7271	19559
1.72995	19537
1.7328	19540
1.73565	19505
1.7385	19501
1.74135	19486
1.7442	19493
1.74705	19464
1.7499	19464
1.75275	19426
1.7556	19400
1.75845	19341
1.7613	19301
1.76415	19270
1.767	19232
1.76985	19194
1.7727	19134
1.77555	19071
1.7784	18996
1.78125	18919
1.7841	18871
1.78695	18832
1.7898	18783
1.79265	18730
1.7955	18689
1.79835	18638
1.8012	18589
1.80405	18534
1.8069	18508
1.80975	18477
1.8126	18463
1.81545	18434
1.8183	18401
1.82115	18365
1.824	18347
1.82685	18312
1.8297	18309
1.83255	18296
1.8354	18300
1.83825	18277
1.8411	18270
1.84395	18247
1.8468	18241
1.84965	18226
1.8525	18237
1.85535	18232
1.8582	18251
1.86105	18229
1.8639	18230
1.86675	18213
1.8696	18216
1.87245	18210
1.8753	18227
1.87815	18244
1.881	18251
1.88385	18239
1.8867	18238
1.88955	18237
1.8924	18245
1.89525	18254
1.8981	18271
1.90095	18270
1.9038	18282
1.90665	18285
1.9095	18277
1.91235	18282
1.9152	18288
1.91805	18298
1.9209	18318
1.92375	18314
1.9266	18332
1.92945	18323
1.9323	18326
1.93515	18330
1.938	18344
1.94085	18355
1.9437	18375
1.94655	18378
1.9494	18402
1.95225	18388
1.9551	18397
1.95795	18401
1.9608	18435
1.96365	18446
1.9665	18477
1.96935	18472
1.9722	18495
1.97505	18490
1.9779	18516
1.98075	18518
1.9836	18554
1.98645	18570
1.9893	18597
1.99215	18598
1.995	18617
1.99785	18611
2.0007	18630
2.00355	18653
2.0064	18675
2.00925	18685
2.0121	18693
2.01495	18709
2.0178	18711
2.02065	18705
2.0235	18717
2.02635	18733
2.0292	18740
2.03205	18746
2.0349	18749
2.03775	18734
2.0406	18730
2.04345	18717
2.0463	18733
2.04915	18726
2.052	18738
2.05485	18741
2.0577	18733
2.06055	18709
2.0634	18709
2.06625	18682
2.0691	18702
2.07195	18684
2.0748	18699
2.07765	18677
2.0805	18676
2.08335	18647
2.0862	18656
2.08905	18630
2.0919	18645
2.09475	18637
2.0976	18645
2.10045	18617
2.1033	18626
2.10615	18595
2.109	18599
2.11185	18589
2.1147	18611
2.11755	18609
2.1204	18611
2.12325	18599
2.1261	18605
2.12895	18574
2.1318	18591
2.13465	18605
2.1375	18617
2.14035	18619
2.1432	18617
2.14605	18612
2.1489	18612
2.15175	18611
2.1546	18618
2.15745	18620
2.1603	18645
2.16315	18654
2.166	18650
2.16885	18642
2.1717	18652
2.17455	18647
2.1774	18669
2.18025	18673
2.1831	18691
2.18595	18694
2.1888	18705
2.19165	18690
2.1945	18721
2.19735	18709
2.2002	18736
2.20305	18745
2.2059	18771
2.20875	18769
2.2116	18785
2.21445	18769
2.2173	18789
2.22015	18792
2.223	18823
2.22585	18823
2.2287	18834
2.23155	18838
2.2344	18850
2.23725	18835
2.2401	18854
2.24295	18878
2.2458	18897
2.24865	18906
2.2515	18908
2.25435	18921
2.2572	18922
2.26005	18917
2.2629	18925
2.26575	18949
2.2686	18963
2.27145	18962
2.2743	18973
2.27715	18966
2.28	18974
2.28285	18977
2.2857	18990
2.28855	18997
2.2914	19024
2.29425	19016
2.2971	19030
2.29995	19014
2.3028	19021
2.30565	19021
2.3085	19048
2.31135	19047
2.3142	19080
2.31705	19062
2.3199	19070
2.32275	19054
2.3256	19067
2.32845	19063
2.3313	19089
2.33415	19090
2.337	19096
2.33985	19102
2.3427	19107
2.34555	19085
2.3484	19090
2.35125	19106
2.3541	19127
2.35695	19130
2.3598	19143
2.36265	19137
2.3655	19130
2.36835	19126
2.3712	19135
2.37405	19150
2.3769	19159
2.37975	19165
2.3826	19161
2.38545	19159
2.3883	19153
2.39115	19139
2.394	19155
2.39685	19165
2.3997	19183
2.40255	19185
2.4054	19181
2.40825	19165
2.4111	19169
2.41395	19157
2.4168	19182
2.41965	19183
2.4225	19197
2.42535	19187
2.4282	19193
2.43105	19177
2.4339	19198
2.43675	19177
2.4396	19203
2.44245	19198
2.4453	19211
2.44815	19199
2.451	19203
2.45385	19184
2.4567	19188
2.45955	19189
2.4624	19213
2.46525	19211
2.4681	19214
2.47095	19202
2.4738	19207
2.47665	19203
2.4795	19207
2.48235	19213
2.4852	19228
2.48805	19224
2.4909	19230
2.49375	19226
2.4966	19222
2.49945	19208
2.5023	19226
2.50515	19234
2.508	19240
2.51085	19237
2.5137	19249
2.51655	19231
2.5194	19233
2.52225	19222
2.5251	19248
2.52795	19253
2.5308	19269
2.53365	19258
2.5365	19269
2.53935	19250
2.5422	19262
2.54505	19254
2.5479	19281
2.55075	19277
2.5536	19296
2.55645	19279
2.5593	19295
2.56215	19272
2.565	19278
2.56785	19273
2.5707	19303
2.57355	19307
2.5764	19309
2.57925	19301
2.5821	19317
2.58495	19295
2.5878	19299
2.59065	19314
2.5935	19341
2.59635	19333
2.5992	19345
2.60205	19341
2.6049	19336
2.60775	19326
2.6106	19341
2.61345	19351
2.6163	19365
2.61915	19367
2.622	19368
2.62485	19357
2.6277	19351
2.63055	19337
2.6334	19361
2.63625	19357
2.6391	19368
2.64195	19355
2.6448	19357
2.64765	19322
2.6505	19316
2.65335	19299
2.6562	19309
2.65905	19285
2.6619	19278
2.66475	19230
2.6676	19210
2.67045	19150
2.6733	19120
2.67615	19066
2.679	19038
2.68185	18980
2.6847	18930
2.68755	18859
2.6904	18808
2.69325	18725
2.6961	18666
2.69895	18621
2.7018	18601
2.70465	18555
2.7075	18511
2.71035	18458
2.7132	18415
2.71605	18373
2.7189	18341
2.72175	18317
2.7246	18298
2.72745	18274
2.7303	18246
2.73315	18221
2.736	18192
2.73885	18173
2.7417	18162
2.74455	18157
2.7474	18164
2.75025	18155
2.7531	18136
2.75595	18108
2.7588	18108
2.76165	18103
2.7645	18106
2.76735	18102
2.7702	18123
2.77305	18104
2.7759	18102
2.77875	18081
2.7816	18094
2.78445	18085
2.7873	18104
2.79015	18106
2.793	18126
2.79585	18110
2.7987	18118
2.80155	18100
2.8044	18123
2.80725	18122
2.8101	18146
2.81295	18146
2.8158	18165
2.81865	18152
2.8215	18154
2.82435	18144
2.8272	18167
2.83005	18182
2.8329	18199
2.83575	18206
2.8386	18211
2.84145	18212
2.8443	18211
2.84715	18218
2.85	18224
2.85285	18245
2.8557	18266
2.85855	18275
2.8614	18278
2.86425	18280
2.8671	18287
2.86995	18288
2.8728	18314
2.87565	18334
2.8785	18366
2.88135	18375
2.8842	18378
2.88705	18383
2.8899	18407
2.89275	18408
2.8956	18448
2.89845	18466
2.9013	18501
2.90415	18498
2.907	18514
2.90985	18511
2.9127	18549
2.91555	18536
2.9184	18568
2.92125	18583
2.9241	18600
2.92695	18593
2.9298	18605
2.93265	18594
2.9355	18606
2.93835	18610
2.9412	18642
2.94405	18643
2.9469	18657
2.94975	18638
2.9526	18637
2.95545	18624
2.9583	18634
2.96115	18643
2.964	18648
2.96685	18652
2.9697	18641
2.97255	18629
2.9754	18614
2.97825	18608
2.9811	18607
2.98395	18607
2.9868	18613
2.98965	18605
2.9925	18597
2.99535	18571
2.9982	18567
3.00105	18565
3.0039	18573
3.00675	18565
3.0096	18569
3.01245	18561
3.0153	18561
3.01815	18533
3.021	18556
3.02385	18538
3.0267	18556
3.02955	18554
3.0324	18584
3.03525	18551
3.0381	18554
3.04095	18538
3.0438	18562
3.04665	18551
3.0495	18574
3.05235	18579
3.0552	18581
3.05805	18568
3.0609	18583
3.06375	18576
3.0666	18595
3.06945	18598
3.0723	18624
3.07515	18630
3.078	18638
3.08085	18634
3.0837	18634
3.08655	18642
3.0894	18653
3.09225	18669
3.0951	18689
3.09795	18691
3.1008	18701
3.10365	18693
3.1065	18703
3.10935	18708
3.1122	18738
3.11505	18739
3.1179	18757
3.12075	18773
3.1236	18781
3.12645	18771
3.1293	18785
3.13215	18796
3.135	18823
3.13785	18829
3.1407	18874
3.14355	18855
3.1464	18866
3.14925	18851
3.1521	18893
3.15495	18893
3.1578	18917
3.16065	18922
3.1635	18947
3.16635	18931
3.1692	18943
3.17205	18930
3.1749	18954
3.17775	18966
3.1806	18992
3.18345	18994
3.1863	19006
3.18915	19010
3.192	19013
3.19485	19015
3.1977	19021
3.20055	19047
3.2034	19062
3.20625	19054
3.2091	19068
3.21195	19068
3.2148	19061
3.21765	19056
3.2205	19083
3.22335	19094
3.2262	19111
3.22905	19118
3.2319	19111
3.23475	19097
3.2376	19109
3.24045	19102
3.2433	19128
3.24615	19130
3.249	19158
3.25185	19139
3.2547	19142
3.25755	19127
3.2604	19143
3.26325	19137
3.2661	19159
3.26895	19165
3.2718	19178
3.27465	19157
3.2775	19163
3.28035	19150
3.2832	19169
3.28605	19165
3.2889	19187
3.29175	19184
3.2946	19183
3.29745	19176
3.3003	19179
3.30315	19176
3.306	19191
3.30885	19194
3.3117	19207
3.31455	19211
3.3174	19208
3.32025	19201
3.3231	19190
3.32595	19192
3.3288	19202
3.33165	19208
3.3345	19218
3.33735	19213
3.3402	19214
3.34305	19198
3.3459	19201
3.34875	19205
3.3516	19218
3.35445	19217
3.3573	19230
3.36015	19213
3.363	19221
3.36585	19206
3.3687	19223
3.37155	19199
3.3744	19234
3.37725	19231
3.3801	19259
3.38295	19223
3.3858	19238
3.38865	19216
3.3915	19224
3.39435	19224
3.3972	19251
3.40005	19243
3.4029	19246
3.40575	19235
3.4086	19243
3.41145	19230
3.4143	19247
3.41715	19245
3.42	19267
3.42285	19261
3.4257	19272
3.42855	19256
3.4314	19255
3.43425	19256
3.4371	19261
3.43995	19277
3.4428	19288
3.44565	19284
3.4485	19285
3.45135	19278
3.4542	19277
3.45705	19288
3.4599	19293
3.46275	19297
3.4656	19319
3.46845	19302
3.4713	19313
3.47415	19295
3.477	19307
3.47985	19296
3.4827	19327
3.48555	19327
3.4884	19352
3.49125	19333
3.4941	19343
3.49695	19320
3.4998	19342
3.50265	19336
3.5055	19369
3.50835	19360
3.5112	19388
3.51405	19359
3.5169	19368
3.51975	19352
3.5226	19360
3.52545	19367
3.5283	19397
3.53115	19395
3.534	19390
3.53685	19390
3.5397	19393
3.54255	19397
3.5454	19395
3.54825	19409
3.5511	19422
3.55395	19414
3.5568	19419
3.55965	19414
3.5625	19402
3.56535	19400
3.5682	19405
3.57105	19405
3.5739	19413
3.57675	19399
3.5796	19379
3.58245	19350
3.5853	19342
3.58815	19314
3.591	19311
3.59385	19285
3.5967	19269
3.59955	19221
3.6024	19182
3.60525	19117
3.6081	19085
3.61095	19029
3.6138	18992
3.61665	18931
3.6195	18887
3.62235	18812
3.6252	18751
3.62805	18681
3.6309	18661
3.63375	18603
3.6366	18571
3.63945	18533
3.6423	18493
3.64515	18450
3.648	18413
3.65085	18370
3.6537	18363
3.65655	18330
3.6594	18328
3.66225	18297
3.6651	18283
3.66795	18261
3.6708	18234
3.67365	18211
3.6765	18224
3.67935	18228
3.6822	18226
3.68505	18218
3.6879	18207
3.69075	18193
3.6936	18186
3.69645	18179
3.6993	18198
3.70215	18198
3.705	18213
3.70785	18212
3.7107	18213
3.71355	18191
3.7164	18205
3.71925	18205
3.7221	18236
3.72495	18242
3.7278	18271
3.73065	18251
3.7335	18262
3.73635	18253
3.7392	18288
3.74205	18277
3.7449	18312
3.74775	18317
3.7506	18344
3.75345	18326
3.7563	18341
3.75915	18336
3.762	18364
3.76485	18366
3.7677	18404
3.77055	18409
3.7734	18432
3.77625	18425
3.7791	18438
3.78195	18442
3.7848	18481
3.78765	18496
3.7905	18526
3.79335	18544
3.7962	18558
3.79905	18561
3.8019	18571
3.80475	18599
3.8076	18632
3.81045	18647
3.8133	18676
3.81615	18699
3.819	18711
3.82185	18702
3.8247	18735
3.82755	18748
3.8304	18782
3.83325	18796
3.8361	18819
3.83895	18830
3.8418	18842
3.84465	18831
3.8475	18861
3.85035	18867
3.8532	18902
3.85605	18906
3.8589	18937
3.86175	18906
3.8646	18917
3.86745	18907
3.8703	18935
3.87315	18920
3.876	18950
3.87885	18941
3.8817	18949
3.88455	18923
3.8874	18928
3.89025	18908
3.8931	18930
3.89595	18922
3.8988	18937
3.90165	18931
3.9045	18926
3.90735	18904
3.9102	18893
3.91305	18892
3.9159	18892
3.91875	18894
3.9216	18895
3.92445	18888
3.9273	18875
3.93015	18854
3.933	18855
3.93585	18853
3.9387	18855
3.94155	18847
3.9444	18861
3.94725	18847
3.9501	18846
3.95295	18821
3.9558	18824
3.95865	18830
3.9615	18848
3.96435	18847
3.9672	18867
3.97005	18845
3.9729	18849
3.97575	18829
3.9786	18858
3.98145	18854
3.9843	18875
3.98715	18868
3.99	18888
3.99285	18872
3.9957	18881
3.99855	18870
4.0014	18893
4.00425	18898
4.0071	18925
4.00995	18925
4.0128	18941
4.01565	18937
4.0185	18936
4.02135	18949
4.0242	18968
4.02705	18990
4.0299	19004
4.03275	18996
4.0356	19005
4.03845	19013
4.0413	19014
4.04415	19029
4.047	19043
4.04985	19058
4.0527	19075
4.05555	19068
4.0584	19082
4.06125	19074
4.0641	19076
4.06695	19095
4.0698	19120
4.07265	19133
4.0755	19159
4.07835	19141
4.0812	19153
4.08405	19142
4.0869	19171
4.08975	19172
4.0926	19199
4.09545	19198
4.0983	19218
4.10115	19208
4.104	19214
4.10685	19207
4.1097	19237
4.11255	19234
4.1154	19256
4.11825	19254
4.1211	19276
4.12395	19262
4.1268	19263
4.12965	19257
4.1325	19286
4.13535	19293
4.1382	19308
4.14105	19298
4.1439	19313
4.14675	19309
4.1496	19301
4.15245	19303
4.1553	19322
4.15815	19339
4.161	19341
4.16385	19326
4.1667	19337
4.16955	19325
4.1724	19328
4.17525	19326
4.1781	19350
4.18095	19351
4.1838	19366
4.18665	19356
4.1895	19357
4.19235	19344
4.1952	19361
4.19805	19358
4.2009	19379
4.20375	19377
4.2066	19393
4.20945	19370
4.2123	19373
4.21515	19359
4.218	19381
4.22085	19372
4.2237	19389
4.22655	19383
4.2294	19390
4.23225	19373
4.2351	19380
4.23795	19363
4.2408	19375
4.24365	19374
4.2465	19400
4.24935	19398
4.2522	19392
4.25505	19378
4.2579	19373
4.26075	19375
4.2636	19388
4.26645	19403
4.2693	19403
4.27215	19386
4.275	19396
4.27785	19386
4.2807	19384
4.28355	19377
4.2864	19401
4.28925	19407
4.2921	19415
4.29495	19414
4.2978	19410
4.30065	19387
4.3035	19398
4.30635	19400
4.3092	19424
4.31205	19421
4.3149	19439
4.31775	19416
4.3206	19422
4.32345	19402
4.3263	19421
4.32915	19417
4.332	19435
4.33485	19434
4.3377	19457
4.34055	19421
4.3434	19437
4.34625	19418
4.3491	19435
4.35195	19432
4.3548	19459
4.35765	19450
4.3605	19453
4.36335	19435
4.3662	19443
4.36905	19439
4.3719	19447
4.37475	19470
4.3776	19480
4.38045	19469
4.3833	19478
4.38615	19471
4.389	19469
4.39185	19467
4.3947	19493
4.39755	19501
4.4004	19509
4.40325	19515
4.4061	19509
4.40895	19489
4.4118	19504
4.41465	19503
4.4175	19521
4.42035	19525
4.4232	19537
4.42605	19528
4.4289	19533
4.43175	19510
4.4346	19522
4.43745	19537
4.4403	19560
4.44315	19550
4.446	19559
4.44885	19546
4.4517	19555
4.45455	19535
4.4574	19567
4.46025	19565
4.4631	19585
4.46595	19574
4.4688	19585
4.47165	19569
4.4745	19571
4.47735	19560
4.4802	19587
4.48305	19585
4.4859	19605
4.48875	19607
4.4916	19600
4.49445	19586
4.4973	19578
4.50015	19569
4.503	19586
4.50585	19589
4.5087	19589
4.51155	19585
4.5144	19559
4.51725	19541
4.5201	19525
4.52295	19499
4.5258	19494
4.52865	19469
4.5315	19455
4.53435	19418
4.5372	19362
4.54005	19307
4.5429	19265
4.54575	19229
4.5486	19197
4.55145	19135
4.5543	19086
4.55715	19018
4.56	18965
4.56285	18894
4.5657	18875
4.56855	18817
4.5714	18791
4.57425	18740
4.5771	18715
4.57995	18669
4.5828	18634
4.58565	18590
4.5885	18593
4.59135	18570
4.5942	18565
4.59705	18536
4.5999	18525
4.60275	18492
4.6056	18479
4.60845	18477
4.6113	18476
4.61415	18478
4.617	18477
4.61985	18467
4.6227	18458
4.62555	18455
4.6284	18448
4.63125	18446
4.6341	18462
4.63695	18479
4.6398	18488
4.64265	18484
4.6455	18485
4.64835	18472
4.6512	18490
4.65405	18492
4.6569	18520
4.65975	18528
4.6626	18547
4.66545	18536
4.6683	18547
4.67115	18538
4.674	18568
4.67685	18568
4.6797	18600
4.68255	18605
4.6854	18631
4.68825	18613
4.6911	18627
4.69395	18622
4.6968	18648
4.69965	18652
4.7025	18682
4.70535	18686
4.7082	18703
4.71105	18686
4.7139	18704
4.71675	18707
4.7196	18735
4.72245	18744
4.7253	18782
4.72815	18778
4.731	18797
4.73385	18795
4.7367	18810
4.73955	18832
4.7424	18853
4.74525	18876
4.7481	18896
4.75095	18899
4.7538	18917
4.75665	18918
4.7595	18936
4.76235	18958
4.7652	18985
4.76805	18999
4.7709	19021
4.77375	19032
4.7766	19040
4.77945	19037
4.7823	19054
4.78515	19082
4.788	19113
4.79085	19119
4.7937	19150
4.79655	19130
4.7994	19138
4.80225	19133
4.8051	19165
4.80795	19160
4.8108	19182
4.81365	19183
4.8165	19203
4.81935	19168
4.8222	19181
4.82505	19173
4.8279	19193
4.83075	19188
4.8336	19217
4.83645	19205
4.8393	19205
4.84215	19183
4.845	19196
4.84785	19195
4.8507	19195
4.85355	19209
4.8564	19214
4.85925	19209
4.8621	19194
4.86495	19187
4.8678	19176
4.87065	19187
4.8735	19182
4.87635	19190
4.8792	19193
4.88205	19175
4.8849	19170
4.88775	19153
4.8906	19156
4.89345	19168
4.8963	19181
4.89915	19180
4.902	19192
4.90485	19173
4.9077	19165
4.91055	19157
4.9134	19179
4.91625	19172
4.9191	19194
4.92195	19192
4.9248	19219
4.92765	19191
4.9305	19193
4.93335	19187
4.9362	19216
4.93905	19205
4.9419	19214
4.94475	19221
4.9476	19226
4.95045	19206
4.9533	19217
4.95615	19213
4.959	19237
4.96185	19242
4.9647	19256
4.96755	19258
4.9704	19254
4.97325	19249
4.9761	19254
4.97895	19263
4.9818	19269
4.98465	19287
4.9875	19295
4.99035	19285
4.9932	19282
4.99605	19275
4.9989	19288
5.00175	19293
5.0046	19306
5.00745	19311
5.0103	19334
5.01315	19314
5.016	19318
5.01885	19317
5.0217	19341
5.02455	19333
5.0274	19359
5.03025	19361
5.0331	19379
5.03595	19365
5.0388	19373
5.04165	19366
5.0445	19406
5.04735	19393
5.0502	19426
5.05305	19417
5.0559	19427
5.05875	19421
5.0616	19431
5.06445	19425
5.0673	19446
5.07015	19459
5.073	19487
5.07585	19489
5.0787	19494
5.08155	19480
5.0844	19489
5.08725	19489
5.0901	19520
5.09295	19530
5.0958	19542
5.09865	19530
5.1015	19539
5.10435	19534
5.1072	19538
5.11005	19553
5.1129	19570
5.11575	19569
5.1186	19578
5.12145	19557
5.1243	19568
5.12715	19552
5.13	19568
5.13285	19569
5.1357	19595
5.13855	19589
5.1414	19591
5.14425	19575
5.1471	19587
5.14995	19568
5.1528	19602
5.15565	19590
5.1585	19613
5.16135	19605
5.1642	19623
5.16705	19591
5.1699	19594
5.17275	19585
5.1756	19610
5.17845	19602
5.1813	19623
5.18415	19614
5.187	19620
5.18985	19593
5.1927	19607
5.19555	19602
5.1984	19618
5.20125	19629
5.2041	19630
5.20695	19626
5.2098	19617
5.21265	19609
5.2155	19611
5.21835	19614
5.2212	19617
5.22405	19638
5.2269	19632
5.22975	19623
5.2326	19613
5.23545	19599
5.2383	19608
5.24115	19611
5.244	19626
5.24685	19624
5.2497	19631
5.25255	19618
5.2554	19621
5.25825	19605
5.2611	19625
5.26395	19624
5.2668	19640
5.26965	19631
5.2725	19653
5.27535	19626
5.2782	19627
5.28105	19613
5.2839	19646
5.28675	19636
5.2896	19654
5.29245	19643
5.2953	19635
5.29815	19629
5.301	19638
5.30385	19639
5.3067	19632
5.30955	19649
5.3124	19669
5.31525	19656
5.3181	19653
5.32095	19653
5.3238	19656
5.32665	19649
5.3295	19667
5.33235	19691
5.3352	19694
5.33805	19676
5.3409	19679
5.34375	19681
5.3466	19689
5.34945	19697
5.3523	19708
5.35515	19714
5.358	19725
5.36085	19722
5.3637	19711
5.36655	19706
5.3694	19719
5.37225	19720
5.3751	19742
5.37795	19738
5.3808	19749
5.38365	19733
5.3865	19740
5.38935	19729
5.3922	19751
5.39505	19748
5.3979	19773
5.40075	19763
5.4036	19768
5.40645	19749
5.4093	19757
5.41215	19749
5.415	19761
5.41785	19770
5.4207	19789
5.42355	19781
5.4264	19757
5.42925	19751
5.4321	19751
5.43495	19749
5.4378	19743
5.44065	19753
5.4435	19750
5.44635	19728
5.4492	19702
5.45205	19671
5.4549	19645
5.45775	19621
5.4606	19585
5.46345	19567
5.4663	19524
5.46915	19464
5.472	19403
5.47485	19331
5.4777	19277
5.48055	19208
5.4834	19158
5.48625	19090
5.4891	19034
5.49195	18950
5.4948	18897
5.49765	18832
5.5005	18797
5.50335	18749
5.5062	18732
5.50905	18685
5.5119	18670
5.51475	18598
5.5176	18575
5.52045	18533
5.5233	18528
5.52615	18503
5.529	18504
5.53185	18474
5.5347	18461
5.53755	18426
5.5404	18422
5.54325	18403
5.5461	18421
5.54895	18406
5.5518	18418
5.55465	18401
5.5575	18405
5.56035	18387
5.5632	18386
5.56605	18396
5.5689	18402
5.57175	18414
5.5746	18413
5.57745	18399
5.5803	18400
5.58315	18394
5.586	18406
5.58885	18426
5.5917	18429
5.59455	18435
5.5974	18442
5.60025	18446
5.6031	18443
5.60595	18436
5.6088	18447
5.61165	18464
5.6145	18492
5.61735	18493
5.6202	18514
5.62305	18497
5.6259	18498
5.62875	18500
5.6316	18535
5.63445	18532
5.6373	18556
5.64015	18547
5.643	18561
5.64585	18557
5.6487	18567
5.65155	18564
5.6544	18599
5.65725	18605
5.6601	18631
5.66295	18625
5.6658	18645
5.66865	18634
5.6715	18657
5.67435	18677
5.6772	18696
5.68005	18725
5.6829	18741
5.68575	18751
5.6886	18753
5.69145	18769
5.6943	18791
5.69715	18803
5.7	18829
5.70285	18861
5.7057	18875
5.70855	18881
5.7114	18886
5.71425	18887
5.7171	18901
5.71995	18925
5.7228	18957
5.72565	18962
5.7285	18968
5.73135	18973
5.7342	18977
5.73705	18967
5.7399	19008
5.74275	19007
5.7456	19022
5.74845	19014
5.7513	19031
5.75415	19013
5.757	19015
5.75985	19000
5.7627	19039
5.76555	19025
5.7684	19032
5.77125	19013
5.7741	19028
5.77695	18998
5.7798	19000
5.78265	18988
5.7855	19006
5.78835	18994
5.7912	19006
5.79405	18984
5.7969	18987
5.79975	18965
5.8026	18965
5.80545	18952
5.8083	18970
5.81115	18976
5.814	18965
5.81685	18958
5.8197	18940
5.82255	18930
5.8254	18931
5.82825	18931
5.8311	18947
5.83395	18942
5.8368	18937
5.83965	18935
5.8425	18931
5.84535	18924
5.8482	18950
5.85105	18945
5.8539	18967
5.85675	18962
5.8596	18986
5.86245	18955
5.8653	18963
5.86815	18961
5.871	18990
5.87385	18985
5.8767	19010
5.87955	19003
5.8824	19026
5.88525	19000
5.8881	19023
5.89095	19025
5.8938	19043
5.89665	19058
5.8995	19083
5.90235	19079
5.9052	19097
5.90805	19087
5.9109	19104
5.91375	19111
5.9166	19149
5.91945	19165
5.9223	19174
5.92515	19179
5.928	19185
5.93085	19187
5.9337	19201
5.93655	19221
5.9394	19245
5.94225	19255
5.9451	19262
5.94795	19259
5.9508	19269
5.95365	19266
5.9565	19287
5.95935	19312
5.9622	19332
5.96505	19330
5.9679	19346
5.97075	19334
5.9736	19342
5.97645	19341
5.9793	19382
5.98215	19375
5.985	19407
5.98785	19401
5.9907	19420
5.99355	19397
5.9964	19414
5.99925	19411
6.0021	19439
6.00495	19435
6.0078	19462
6.01065	19447
6.0135	19441
6.01635	19440
6.0192	19458
6.02205	19461
6.0249	19482
6.02775	19493
6.0306	19503
6.03345	19501
6.0363	19495
6.03915	19497
6.042	19501
6.04485	19521
6.0477	19526
6.05055	19545
6.0534	19544
6.05625	19528
6.0591	19537
6.06195	19530
6.0648	19547
6.06765	19557
6.0705	19566
6.07335	19566
6.0762	19580
6.07905	19561
6.0819	19560
6.08475	19559
6.0876	19571
6.09045	19576
6.0933	19598
6.09615	19591
6.099	19600
6.10185	19579
6.1047	19589
6.10755	19579
6.1104	19605
6.11325	19608
6.1161	19621
6.11895	19608
6.1218	19622
6.12465	19597
6.1275	19611
6.13035	19614
6.1332	19624
6.13605	19624
6.1389	19645
6.14175	19631
6.1446	19630
6.14745	19621
6.1503	19634
6.15315	19633
6.156	19654
6.15885	19665
6.1617	19666
6.16455	19654
6.1674	19642
6.17025	19645
6.1731	19654
6.17595	19642
6.1788	19659
6.18165	19662
6.1845	19672
6.18735	19653
6.1902	19647
6.19305	19641
6.1959	19655
6.19875	19644
6.2016	19668
6.20445	19662
6.2073	19669
6.21015	19643
6.213	19651
6.21585	19639
6.2187	19677
6.22155	19655
6.2244	19681
6.22725	19666
6.2301	19672
6.23295	19651
6.2358	19659
6.23865	19659
6.2415	19671
6.24435	19671
6.2472	19687
6.25005	19689
6.2529	19683
6.25575	19655
6.2586	19669
6.26145	19676
6.2643	19687
6.26715	19691
6.27	19701
6.27285	19680
6.2757	19672
6.27855	19681
6.2814	19694
6.28425	19699
6.2871	19706
6.28995	19723
6.2928	19717
6.29565	19700
6.2985	19709
6.30135	19701
6.3042	19713
6.30705	19710
6.3099	19738
6.31275	19731
6.3156	19740
6.31845	19719
6.3213	19731
6.32415	19722
6.327	19742
6.32985	19745
6.3327	19769
6.33555	19759
6.3384	19777
6.34125	19746
6.3441	19760
6.34695	19753
6.3498	19777
6.35265	19770
6.3555	19793
6.35835	19781
6.3612	19792
6.36405	19763
6.3669	19775
6.36975	19773
6.3726	19790
6.37545	19783
6.3783	19795
6.38115	19775
6.384	19759
6.38685	19752
6.3897	19747
6.39255	19741
6.3954	19745
6.39825	19731
6.4011	19710
6.40395	19668
6.4068	19639
6.40965	19603
6.4125	19566
6.41535	19525
6.4182	19487
6.42105	19439
6.4239	19384
6.42675	19310
6.4296	19243
6.43245	19162
6.4353	19117
6.43815	19056
6.441	19013
6.44385	18942
6.4467	18886
6.44955	18828
6.4524	18785
6.45525	18739
6.4581	18732
6.46095	18683
6.4638	18665
6.46665	18620
6.4695	18590
6.47235	18547
6.4752	18536
6.47805	18502
6.4809	18510
6.48375	18492
6.4866	18493
6.48945	18462
6.4923	18456
6.49515	18430
6.498	18439
6.50085	18429
6.5037	18446
6.50655	18449
6.5094	18446
6.51225	18435
6.5151	18425
6.51795	18426
6.5208	18424
6.52365	18426
6.5265	18444
6.52935	18454
6.5322	18455
6.53505	18450
6.5379	18440
6.54075	18435
6.5436	18458
6.54645	18472
6.5493	18483
6.55215	18483
6.555	18497
6.55785	18478
6.5607	18487
6.56355	18485
6.5664	18514
6.56925	18517
6.5721	18541
6.57495	18533
6.5778	18558
6.58065	18534
6.5835	18546
6.58635	18542
6.5892	18576
6.59205	18578
6.5949	18601
6.59775	18589
6.6006	18599
6.60345	18592
6.6063	18610
6.60915	18613
6.612	18654
6.61485	18656
6.6177	18676
6.62055	18668
6.6234	18686
6.62625	18693
6.6291	18708
6.63195	18735
6.6348	18759
6.63765	18782
6.6405	18792
6.64335	18792
6.6462	18807
6.64905	18821
6.6519	18844
6.65475	18870
6.6576	18893
6.66045	18904
6.6633	18921
6.66615	18912
6.669	18926
6.67185	18931
6.6747	18968
6.67755	18970
6.6804	18999
6.68325	18989
6.6861	19004
6.68895	18989
6.6918	19001
6.69465	18992
6.6975	19034
6.70035	19015
6.7032	19033
6.70605	19016
6.7089	19029
6.71175	18998
6.7146	19007
6.71745	18999
6.7203	19013
6.72315	19014
6.726	19019
6.72885	18992
6.7317	18999
6.73455	18971
6.7374	18977
6.74025	18972
6.7431	18991
6.74595	18984
6.7488	18981
6.75165	18949
6.7545	18951
6.75735	18951
6.7602	18945
6.76305	18952
6.7659	18959
6.76875	18957
6.7716	18952
6.77445	18932
6.7773	18931
6.78015	18926
6.783	18938
6.78585	18934
6.7887	18962
6.79155	18952
6.7944	18957
6.79725	18939
6.8001	18956
6.80295	18949
6.8058	18968
6.80865	18974
6.8115	18996
6.81435	18985
6.8172	19006
6.82005	18982
6.8229	19002
6.82575	19002
6.8286	19023
6.83145	19040
6.8343	19057
6.83715	19053
6.84	19053
6.84285	19051
6.8457	19077
6.84855	19089
6.8514	19112
6.85425	19120
6.8571	19143
6.85995	19145
6.8628	19142
6.86565	19154
6.8685	19167
6.87135	19176
6.8742	19201
6.87705	19221
6.8799	19229
6.88275	19220
6.8856	19229
6.88845	19238
6.8913	19260
6.89415	19267
6.897	19294
6.89985	19294
6.9027	19305
6.90555	19296
6.9084	19307
6.91125	19309
6.9141	19329
6.91695	19345
6.9198	19368
6.92265	19359
6.9255	19374
6.92835	19361
6.9312	19373
6.93405	19372
6.9369	19405
6.93975	19406
6.9426	19426
6.94545	19415
6.9483	19432
6.95115	19408
6.954	19429
6.95685	19443
6.9597	19453
6.96255	19457
6.9654	19477
6.96825	19462
6.9711	19459
6.97395	19457
6.9768	19474
6.97965	19464
6.9825	19491
6.98535	19503
6.9882	19510
6.99105	19493
6.9939	19490
6.99675	19495
6.9996	19509
7.00245	19495
7.0053	19528
7.00815	19525
7.011	19528
7.01385	19513
7.0167	19508
7.01955	19500
7.0224	19528
7.02525	19521
7.0281	19541
7.03095	19534
7.0338	19539
7.03665	19519
7.0395	19528
7.04235	19528
7.0452	19550
7.04805	19544
7.0509	19563
7.05375	19555
7.0566	19571
7.05945	19533
7.0623	19549
7.06515	19550
7.068	19583
7.07085	19565
7.0737	19578
7.07655	19562
7.0794	19567
7.08225	19563
7.0851	19565
7.08795	19580
7.0908	19590
7.09365	19585
7.0965	19591
7.09935	19591
7.1022	19585
7.10505	19582
7.1079	19582
7.11075	19589
7.1136	19607
7.11645	19615
7.1193	19610
7.12215	19605
7.125	19592
7.12785	19590
7.1307	19610
7.13355	19608
7.1364	19623
7.13925	19619
7.1421	19623
7.14495	19607
7.1478	19613
7.15065	19611
7.1535	19635
7.15635	19624
7.1592	19646
7.16205	19633
7.1649	19637
7.16775	19618
7.1706	19632
7.17345	19624
7.1763	19645
7.17915	19645
7.182	19657
7.18485	19641
7.1877	19637
7.19055	19629
7.1934	19646
7.19625	19659
7.1991	19663
7.20195	19654
7.2048	19667
7.20765	19649
7.2105	19649
7.21335	19644
7.2162	19655
7.21905	19652
7.2219	19672
7.22475	19675
7.2276	19676
7.23045	19669
7.2333	19655
7.23615	19660
7.239	19669
7.24185	19671
7.2447	19681
7.24755	19678
7.2504	19678
7.25325	19659
7.2561	19666
7.25895	19655
7.2618	19678
7.26465	19675
7.2675	19698
7.27035	19681
7.2732	19680
7.27605	19675
7.2789	19682
7.28175	19676
7.2846	19710
7.28745	19701
7.2903	19717
7.29315	19697
7.296	19714
7.29885	19687
7.3017	19699
7.30455	19692
7.3074	19725
7.31025	19719
7.3131	19730
7.31595	19714
7.3188	19718
7.32165	19701
7.3245	19723
7.32735	19730
7.3302	19736
7.33305	19739
7.3359	19743
7.33875	19733
7.3416	19719
7.34445	19719
7.3473	19723
7.35015	19725
7.353	19726
7.35585	19718
7.3587	19701
7.36155	19656
7.3644	19646
7.36725	19619
7.3701	19613
7.37295	19589
7.3758	19560
7.37865	19510
7.3815	19469
7.38435	19398
7.3872	19353
7.39005	19291
7.3929	19243
7.39575	19181
7.3986	19128
7.40145	19051
7.4043	18992
7.40715	18909
7.41	18860
7.41285	18809
7.4157	18786
7.41855	18736
7.4214	18707
7.42425	18655
7.4271	18625
7.42995	18570
7.4328	18554
7.43565	18529
7.4385	18520
7.44135	18486
7.4442	18478
7.44705	18450
7.4499	18428
7.45275	18408
7.4556	18408
7.45845	18404
7.4613	18410
7.46415	18406
7.467	18391
7.46985	18367
7.4727	18370
7.47555	18370
7.4784	18376
7.48125	18375
7.4841	18393
7.48695	18382
7.4898	18371
7.49265	18362
7.4955	18378
7.49835	18370
7.5012	18394
7.50405	18397
7.5069	18415
7.50975	18407
7.5126	18419
7.51545	18400
7.5183	18413
7.52115	18418
7.524	18444
7.52685	18443
7.5297	18460
7.53255	18451
7.5354	18456
7.53825	18446
7.5411	18465
7.54395	18477
7.5468	18502
7.54965	18499
7.5525	18516
7.55535	18508
7.5582	18512
7.56105	18509
7.5639	18536
7.56675	18549
7.5696	18565
7.57245	18578
7.5753	18587
7.57815	18594
7.581	18589
7.58385	18605
7.5867	18625
7.58955	18653
7.5924	18665
7.59525	18680
7.5981	18694
7.60095	18703
7.6038	18710
7.60665	18721
7.6095	18746
7.61235	18773
7.6152	18800
7.61805	18802
7.6209	18831
7.62375	18819
7.6266	18840
7.62945	18849
7.6323	18882
7.63515	18893
7.638	18920
7.64085	18910
7.6437	18939
7.64655	18913
7.6494	18935
7.65225	18934
7.6551	18963
7.65795	18968
7.6608	18983
7.66365	18958
7.6665	18958
7.66935	18952
7.6722	18966
7.67505	18959
7.6779	18979
7.68075	18974
7.6836	18978
7.68645	18970
7.6893	18955
7.69215	18946
7.695	18952
7.69785	18958
7.7007	18960
7.70355	18957
7.7064	18947
7.70925	18931
7.7121	18920
7.71495	18915
7.7178	18926
7.72065	18926
7.7235	18925
7.72635	18913
7.7292	18917
7.73205	18888
7.7349	18897
7.73775	18890
7.7406	18912
7.74345	18917
7.7463	18920
7.74915	18904
7.752	18910
7.75485	18889
7.7577	18906
7.76055	18903
7.7634	18931
7.76625	18926
7.7691	18938
7.77195	18920
7.7748	18930
7.77765	18922
7.7805	18936
7.78335	18949
7.7862	18966
7.78905	18960
7.7919	18975
7.79475	18978
7.7976	18973
7.80045	18967
7.8033	18990
7.80615	18999
7.809	19026
7.81185	19032
7.8147	19034
7.81755	19023
7.8204	19034
7.82325	19052
7.8261	19066
7.82895	19079
7.8318	19095
7.83465	19102
7.8375	19104
7.84035	19092
7.8432	19109
7.84605	19112
7.8489	19135
7.85175	19142
7.8546	19169
7.85745	19166
7.8603	19161
7.86315	19162
7.866	19179
7.86885	19187
7.8717	19207
7.87455	19214
7.8774	19237
7.88025	19221
7.8831	19245
7.88595	19222
7.8888	19239
7.89165	19246
7.8945	19282
7.89735	19272
7.9002	19293
7.90305	19277
7.9059	19285
7.90875	19274
7.9116	19298
7.91445	19313
7.9173	19329
7.92015	19326
7.923	19341
7.92585	19324
7.9287	19321
7.93155	19329
7.9344	19349
7.93725	19357
7.9401	19365
7.94295	19367
7.9458	19367
7.94865	19346
7.9515	19357
7.95435	19361
7.9572	19377
7.96005	19386
7.9629	19395
7.96575	19381
7.9686	19389
7.97145	19371
7.9743	19379
7.97715	19377
7.98	19397
7.98285	19397
7.9857	19414
7.98855	19395
7.9914	19414
7.99425	19382
7.9971	19397
7.99995	19397
8.0028	19435
8.00565	19417
8.0085	19429
8.01135	19409
8.0142	19425
8.01705	19402
8.0199	19421
8.02275	19415
8.0256	19441
8.02845	19429
8.0313	19446
8.03415	19421
8.037	19422
8.03985	19418
8.0427	19441
8.04555	19440
8.0484	19457
8.05125	19457
8.0541	19450
8.05695	19435
8.0598	19434
8.06265	19442
8.0655	19453
8.06835	19445
8.0712	19462
8.07405	19461
8.0769	19463
8.07975	19439
8.0826	19447
8.08545	19445
8.0883	19457
8.09115	19462
8.094	19477
8.09685	19471
8.0997	19466
8.10255	19450
8.1054	19469
8.10825	19471
8.1111	19507
8.11395	19480
8.1168	19493
8.11965	19483
8.1225	19489
8.12535	19469
8.1282	19482
8.13105	19486
8.1339	19510
8.13675	19496
8.1396	19509
8.14245	19494
8.1453	19501
8.14815	19485
8.151	19501
8.15385	19510
8.1567	19525
8.15955	19519
8.1624	19517
8.16525	19511
8.1681	19505
8.17095	19509
8.1738	19523
8.17665	19531
8.1795	19540
8.18235	19539
8.1852	19530
8.18805	19517
8.1909	19526
8.19375	19528
8.1966	19527
8.19945	19543
8.2023	19557
8.20515	19547
8.208	19555
8.21085	19528
8.2137	19543
8.21655	19542
8.2194	19563
8.22225	19561
8.2251	19573
8.22795	19557
8.2308	19559
8.23365	19542
8.2365	19559
8.23935	19558
8.2422	19592
8.24505	19574
8.2479	19582
8.25075	19570
8.2536	19582
8.25645	19566
8.2593	19579
8.26215	19578
8.265	19602
8.26785	19592
8.2707	19603
8.27355	19600
8.2764	19589
8.27925	19581
8.2821	19602
8.28495	19603
8.2878	19621
8.29065	19622
8.2935	19615
8.29635	19599
8.2992	19602
8.30205	19611
8.3049	19623
8.30775	19629
8.3106	19630
8.31345	19629
8.3163	19610
8.31915	19613
8.322	19607
8.32485	19598
8.3277	19603
8.33055	19608
8.3334	19613
8.33625	19585
8.3391	19575
8.34195	19545
8.3448	19541
8.34765	19509
8.3505	19509
8.35335	19478
8.3562	19454
8.35905	19389
8.3619	19354
8.36475	19296
8.3676	19262
8.37045	19196
8.3733	19171
8.37615	19092
8.379	19035
8.38185	18945
8.3847	18883
8.38755	18818
8.3904	18780
8.39325	18726
8.3961	18695
8.39895	18645
8.4018	18600
8.40465	18541
8.4075	18516
8.41035	18485
8.4132	18465
8.41605	18427
8.4189	18422
8.42175	18401
8.4246	18367
8.42745	18339
8.4303	18326
8.43315	18310
8.436	18308
8.43885	18299
8.4417	18304
8.44455	18285
8.4474	18274
8.45025	18254
8.4531	18268
8.45595	18266
8.4588	18277
8.46165	18278
8.4645	18287
8.46735	18270
8.4702	18279
8.47305	18269
8.4759	18286
8.47875	18281
8.4816	18328
8.48445	18311
8.4873	18319
8.49015	18318
8.493	18326
8.49585	18308
8.4987	18336
8.50155	18360
8.5044	18370
8.50725	18363
8.5101	18376
8.51295	18379
8.5158	18376
8.51865	18383
8.5215	18405
8.52435	18411
8.5272	18434
8.53005	18440
8.5329	18435
8.53575	18440
8.5386	18446
8.54145	18456
8.5443	18472
8.54715	18484
8.55	18510
8.55285	18502
8.5557	18517
8.55855	18510
8.5614	18530
8.56425	18539
8.5671	18577
8.56995	18595
8.5728	18619
8.57565	18611
8.5785	18637
8.58135	18641
8.5842	18666
8.58705	18682
8.5899	18733
8.59275	18734
8.5956	18759
8.59845	18753
8.6013	18776
8.60415	18775
8.607	18810
8.60985	18814
8.6127	18859
8.61555	18851
8.6184	18871
8.62125	18857
8.6241	18868
8.62695	18864
8.6298	18895
8.63265	18892
8.6355	18917
8.63835	18912
8.6412	18906
8.64405	18892
8.6469	18897
8.64975	18904
8.6526	18908
8.65545	18902
8.6583	18914
8.66115	18907
8.664	18902
8.66685	18886
8.6697	18877
8.67255	18866
8.6754	18883
8.67825	18879
8.6811	18878
8.68395	18854
8.6868	18841
8.68965	18822
8.6925	18833
8.69535	18823
8.6982	18847
8.70105	18830
8.7039	18834
8.70675	18807
8.7096	18822
8.71245	18791
8.7153	18803
8.71815	18791
8.721	18816
8.72385	18807
8.7267	18810
8.72955	18795
8.7324	18799
8.73525	18785
8.7381	18805
8.74095	18812
8.7438	18833
8.74665	18821
8.7495	18822
8.75235	18808
8.7552	18822
8.75805	18830
8.7609	18840
8.76375	18855
8.7666	18868
8.76945	18876
8.7723	18865
8.77515	18866
8.778	18871
8.78085	18885
8.7837	18892
8.78655	18918
8.7894	18921
8.79225	18914
8.7951	18924
8.79795	18912
8.8008	18937
8.80365	18946
8.8065	18958
8.80935	18975
8.8122	18996
8.81505	18983
8.8179	19002
8.82075	18987
8.8236	19012
8.82645	19016
8.8293	19047
8.83215	19047
8.835	19064
8.83785	19050
8.8407	19072
8.84355	19061
8.8464	19079
8.84925	19086
8.8521	19122
8.85495	19111
8.8578	19122
8.86065	19107
8.8635	19121
8.86635	19117
8.8692	19143
8.87205	19159
8.8749	19170
8.87775	19169
8.8806	19169
8.88345	19166
8.8863	19168
8.88915	19183
8.892	19190
8.89485	19208
8.8977	19208
8.90055	19216
8.9034	19205
8.90625	19201
8.9091	19206
8.91195	19215
8.9148	19228
8.91765	19230
8.9205	19246
8.92335	19228
8.9262	19222
8.92905	19221
8.9319	19242
8.93475	19239
8.9376	19257
8.94045	19256
8.9433	19268
8.94615	19250
8.949	19257
8.95185	19245
8.9547	19267
8.95755	19263
8.9604	19299
8.96325	19277
8.9661	19287
8.96895	19267
8.9718	19278
8.97465	19265
8.9775	19292
8.98035	19304
8.9832	19306
8.98605	19296
8.9889	19306
8.99175	19294
8.9946	19291
8.99745	19298
9.0003	19312
9.00315	19303
9.006	19321
9.00885	19322
9.0117	19315
9.01455	19290
9.0174	19303
9.02025	19310
9.0231	19326
9.02595	19323
9.0288	19336
9.03165	19319
9.0345	19322
9.03735	19320
9.0402	19324
9.04305	19319
9.0459	19348
9.04875	19341
9.0516	19350
9.05445	19329
9.0573	19339
9.06015	19326
9.063	19341
9.06585	19335
9.0687	19378
9.07155	19352
9.0744	19361
9.07725	19339
9.0801	19343
9.08295	19341
9.0858	19365
9.08865	19362
9.0915	19386
9.09435	19377
9.0972	19379
9.10005	19360
9.1029	19374
9.10575	19374
9.1086	19390
9.11145	19384
9.1143	19407
9.11715	19411
9.12	19400
9.12285	19393
9.1257	19398
9.12855	19409
9.1314	19411
9.13425	19416
9.1371	19434
9.13995	19425
9.1428	19418
9.14565	19419
9.1485	19416
9.15135	19419
9.1542	19437
9.15705	19448
9.1599	19441
9.16275	19425
9.1656	19431
9.16845	19413
9.1713	19424
9.17415	19429
9.177	19446
9.17985	19441
9.1827	19447
9.18555	19429
9.1884	19449
9.19125	19421
9.1941	19440
9.19695	19438
9.1998	19464
9.20265	19447
9.2055	19452
9.20835	19434
9.2112	19444
9.21405	19433
9.2169	19449
9.21975	19467
9.2226	19475
9.22545	19464
9.2283	19463
9.23115	19451
9.234	19459
9.23685	19466
9.2397	19468
9.24255	19479
9.2454	19494
9.24825	19488
9.2511	19473
9.25395	19463
9.2568	19467
9.25965	19478
9.2625	19493
9.26535	19494
9.2682	19504
9.27105	19482
9.2739	19471
9.27675	19475
9.2796	19493
9.28245	19489
9.2853	19503
9.28815	19508
9.291	19518
9.29385	19497
9.2967	19506
9.29955	19493
9.3024	19509
9.30525	19507
9.3081	19544
9.31095	19517
9.3138	19521
9.31665	19494
9.3195	19489
9.32235	19489
9.3252	19501
9.32805	19495
9.3309	19496
9.33375	19470
9.3366	19457
9.33945	19427
9.3423	19405
9.34515	19375
9.348	19356
9.35085	19323
9.3537	19299
9.35655	19246
9.3594	19197
9.36225	19121
9.3651	19073
9.36795	19026
9.3708	18973
9.37365	18913
9.3765	18861
9.37935	18789
9.3822	18734
9.38505	18666
9.3879	18634
9.39075	18588
9.3936	18565
9.39645	18541
9.3993	18502
9.40215	18454
9.405	18434
9.40785	18393
9.4107	18390
9.41355	18355
9.4164	18365
9.41925	18338
9.4221	18328
9.42495	18290
9.4278	18290
9.43065	18266
9.4335	18282
9.43635	18268
9.4392	18285
9.44205	18277
9.4449	18278
9.44775	18259
9.4506	18270
9.45345	18264
9.4563	18290
9.45915	18288
9.462	18310
9.46485	18302
9.4677	18311
9.47055	18289
9.4734	18304
9.47625	18319
9.4791	18341
9.48195	18347
9.4848	18356
9.48765	18365
9.4905	18359
9.49335	18357
9.4962	18369
9.49905	18381
9.5019	18404
9.50475	18405
9.5076	18422
9.51045	18417
9.5133	18412
9.51615	18421
9.519	18446
9.52185	18456
9.5247	18481
9.52755	18487
9.5304	18499
9.53325	18498
9.5361	18523
9.53895	18516
9.5418	18544
9.54465	18554
9.5475	18605
9.55035	18593
9.5532	18610
9.55605	18621
9.5589	18638
9.56175	18639
9.5646	18679
9.56745	18696
9.5703	18728
9.57315	18728
9.576	18753
9.57885	18749
9.5817	18776
9.58455	18793
9.5874	18817
9.59025	18833
9.5931	18861
9.59595	18867
9.5988	18866
9.60165	18859
9.6045	18885
9.60735	18900
9.6102	18916
9.61305	18922
9.6159	18940
9.61875	18924
9.6216	18927
9.62445	18919
9.6273	18938
9.63015	18933
9.633	18941
9.63585	18951
9.6387	18963
9.64155	18938
9.6444	18938
9.64725	18925
9.6501	18941
9.65295	18933
9.6558	18961
9.65865	18941
9.6615	18941
9.66435	18915
9.6672	18932
9.67005	18906
9.6729	18922
9.67575	18910
9.6786	18928
9.68145	18908
9.6843	18911
9.68715	18896
9.69	18890
9.69285	18882
9.6957	18893
9.69855	18898
9.7014	18898
9.70425	18895
9.7071	18885
9.70995	18870
9.7128	18870
9.71565	18882
9.7185	18888
9.72135	18885
9.7242	18894
9.72705	18888
9.7299	18878
9.73275	18877
9.7356	18877
9.73845	18885
9.7413	18890
9.74415	18901
9.747	18911
9.74985	18898
9.7527	18895
9.75555	18908
9.7584	18917
9.76125	18921
9.7641	18959
9.76695	18948
9.7698	18959
9.77265	18940
9.7755	18962
9.77835	18960
9.7812	18982
9.78405	18983
9.7869	19012
9.78975	19010
9.7926	19016
9.79545	19000
9.7983	19022
9.80115	19026
9.804	19042
9.80685	19045
9.8097	19079
9.81255	19074
9.8154	19073
9.81825	19078
9.8211	19085
9.82395	19102
9.8268	19111
9.82965	19130
9.8325	19141
9.83535	19140
9.8382	19133
9.84105	19139
9.8439	19147
9.84675	19159
9.8496	19167
9.85245	19173
9.8553	19185
9.85815	19175
9.861	19183
9.86385	19173
9.8667	19195
9.86955	19203
9.8724	19223
9.87525	19219
9.8781	19237
9.88095	19222
9.8838	19235
9.88665	19221
9.8895	19247
9.89235	19250
9.8952	19285
9.89805	19262
9.9009	19267
9.90375	19252
9.9066	19272
9.90945	19259
9.9123	19280
9.91515	19281
9.918	19305
9.92085	19291
9.9237	19293
9.92655	19287
9.9294	19290
9.93225	19286
9.9351	19302
9.93795	19320
9.9408	19321
9.94365	19315
9.9465	19309
9.94935	19294
9.9522	19309
9.95505	19322
9.9579	19329
9.96075	19338
9.9636	19335
9.96645	19327
9.9693	19312
9.97215	19305
9.975	19325
9.97785	19322
9.9807	19326
9.98355	19338
9.9864	19347
9.98925	19331
9.9921	19329
9.99495	19319
9.9978	19342
10.00065	19333
10.0035	19355
10.00635	19357
10.0092	19351
10.01205	19325
10.0149	19349
10.01775	19326
10.0206	19349
10.02345	19343
10.0263	19373
10.02915	19347
10.032	19355
10.03485	19334
10.0377	19343
10.04055	19333
10.0434	19357
10.04625	19354
10.0491	19366
10.05195	19351
10.0548	19358
10.05765	19348
10.0605	19349
10.06335	19357
10.0662	19373
10.06905	19366
10.0719	19374
10.07475	19368
10.0776	19361
10.08045	19345
10.0833	19365
10.08615	19369
10.089	19384
10.09185	19378
10.0947	19389
10.09755	19370
10.1004	19375
10.10325	19366
10.1061	19379
10.10895	19376
10.1118	19409
10.11465	19397
10.1175	19399
10.12035	19379
10.1232	19390
10.12605	19383
10.1289	19406
10.13175	19399
10.1346	19437
10.13745	19414
10.1403	19415
10.14315	19399
10.146	19419
10.14885	19399
10.1517	19421
10.15455	19419
10.1574	19440
10.16025	19426
10.1631	19431
10.16595	19421
10.1688	19424
10.17165	19429
10.1745	19446
10.17735	19438
10.1802	19453
10.18305	19453
10.1859	19448
10.18875	19430
10.1916	19442
10.19445	19459
10.1973	19464
10.20015	19461
10.203	19468
10.20585	19464
10.2087	19459
10.21155	19446
10.2144	19459
10.21725	19468
10.2201	19486
10.22295	19479
10.2258	19479
10.22865	19470
10.2315	19464
10.23435	19462
10.2372	19482
10.24005	19489
10.2429	19509
10.24575	19494
10.2486	19498
10.25145	19480
10.2543	19491
10.25715	19486
10.26	19503
10.26285	19503
10.2657	19513
10.26855	19504
10.2714	19510
10.27425	19489
10.2771	19501
10.27995	19489
10.2828	19509
10.28565	19509
10.2885	19523
10.29135	19501
10.2942	19493
10.29705	19474
10.2999	19479
10.30275	19479
10.3056	19479
10.30845	19459
10.3113	19451
10.31415	19429
10.317	19396
10.31985	19357
10.3227	19338
10.32555	19311
10.3284	19290
10.33125	19241
10.3341	19203
10.33695	19141
10.3398	19089
10.34265	19021
10.3455	18991
10.34835	18940
10.3512	18888
10.35405	18831
10.3569	18784
10.35975	18720
10.3626	18689
10.36545	18629
10.3683	18617
10.37115	18581
10.374	18579
10.37685	18522
10.3797	18507
10.38255	18465
10.3854	18446
10.38825	18429
10.3911	18433
10.39395	18429
10.3968	18409
10.39965	18390
10.4025	18384
10.40535	18373
10.4082	18369
10.41105	18361
10.4139	18373
10.41675	18388
10.4196	18385
10.42245	18372
10.4253	18362
10.42815	18358
10.431	18375
10.43385	18386
10.4367	18403
10.43955	18398
10.4424	18413
10.44525	18408
10.4481	18413
10.45095	18407
10.4538	18438
10.45665	18438
10.4595	18471
10.46235	18472
10.4652	18490
10.46805	18472
10.4709	18482
10.47375	18497
10.4766	18533
10.47945	18531
10.4823	18576
10.48515	18567
10.488	18584
10.49085	18573
10.4937	18612
10.49655	18606
10.4994	18642
10.50225	18661
10.5051	18695
10.50795	18690
10.5108	18711
10.51365	18705
10.5165	18737
10.51935	18755
10.5222	18792
10.52505	18813
10.5279	18837
10.53075	18843
10.5336	18855
10.53645	18868
10.5393	18886
10.54215	18917
10.545	18937
10.54785	18940
10.5507	18962
10.55355	18976
10.5564	18973
10.55925	18966
10.5621	18989
10.56495	19006
10.5678	19015
10.57065	19018
10.5735	19033
10.57635	19019
10.5792	19013
10.58205	19018
10.5849	19040
10.58775	19035
10.5906	19066
10.59345	19050
10.5963	19047
10.59915	19024
10.602	19050
10.60485	19031
10.6077	19041
10.61055	19039
10.6134	19069
10.61625	19038
10.6191	19030
10.62195	19005
10.6248	19018
10.62765	19005
10.6305	19013
10.63335	19007
10.6362	19012
10.63905	18992
10.6419	18986
10.64475	18974
10.6476	18972
10.65045	18977
10.6533	18974
10.65615	18974
10.659	18969
10.66185	18958
10.6647	18940
10.66755	18930
10.6704	18938
10.67325	18945
10.6761	18942
10.67895	18931
10.6818	18944
10.68465	18927
10.6875	18909
10.69035	18911
10.6932	18935
10.69605	18936
10.6989	18956
10.70175	18945
10.7046	18955
10.70745	18934
10.7103	18945
10.71315	18942
10.716	18970
10.71885	18966
10.7217	19010
10.72455	18982
10.7274	18990
10.73025	18979
10.7331	19006
10.73595	18991
10.7388	19015
10.74165	19026
10.7445	19050
10.74735	19038
10.7502	19047
10.75305	19043
10.7559	19056
10.75875	19061
10.7616	19086
10.76445	19103
10.7673	19110
10.77015	19109
10.773	19109
10.77585	19117
10.7787	19126
10.78155	19144
10.7844	19150
10.78725	19154
10.7901	19173
10.79295	19165
10.7958	19150
10.79865	19160
10.8015	19180
10.80435	19183
10.8072	19194
10.81005	19200
10.8129	19209
10.81575	19190
10.8186	19202
10.82145	19196
10.8243	19231
10.82715	19226
10.83	19244
10.83285	19237
10.8357	19247
10.83855	19233
10.8414	19254
10.84425	19239
10.8471	19265
10.84995	19265
10.8528	19283
10.85565	19266
10.8585	19279
10.86135	19254
10.8642	19275
10.86705	19270
10.8699	19295
10.87275	19303
10.8756	19307
10.87845	19288
10.8813	19295
10.88415	19294
10.887	19299
10.88985	19304
10.8927	19322
10.89555	19315
10.8984	19325
10.90125	19315
10.9041	19311
10.90695	19309
10.9098	19310
10.91265	19328
10.9155	19341
10.91835	19327
10.9212	19331
10.92405	19316
10.9269	19323
10.92975	19329
10.9326	19332
10.93545	19335
10.9383	19357
10.94115	19344
10.944	19351
10.94685	19334
10.9497	19336
10.95255	19336
10.9554	19349
10.95825	19342
10.9611	19377
10.96395	19352
10.9668	19350
10.96965	19333
10.9725	19356
10.97535	19340
10.9782	19359
10.98105	19367
10.9839	19376
10.98675	19357
10.9896	19360
10.99245	19352
10.9953	19354
10.99815	19354
11.001	19374
11.00385	19368
11.0067	19370
11.00955	19371
11.0124	19368
11.01525	19346
11.0181	19361
11.02095	19377
11.0238	19389
11.02665	19377
11.0295	19379
11.03235	19381
11.0352	19373
11.03805	19357
11.0409	19378
11.04375	19383
11.0466	19399
11.04945	19383
11.0523	19385
11.05515	19368
11.058	19366
11.06085	19371
11.0637	19387
11.06655	19385
11.0694	19400
11.07225	19390
11.0751	19389
11.07795	19371
11.0808	19383
11.08365	19377
11.0865	19396
11.08935	19393
11.0922	19425
11.09505	19390
11.0979	19395
11.10075	19390
11.1036	19393
11.10645	19390
11.1093	19408
11.11215	19405
11.115	19413
11.11785	19399
11.1207	19401
11.12355	19389
11.1264	19400
11.12925	19410
11.1321	19421
11.13495	19429
11.1378	19420
11.14065	19424
11.1435	19409
11.14635	19395
11.1492	19419
11.15205	19429
11.1549	19436
11.15775	19422
11.1606	19429
11.16345	19411
11.1663	19400
11.16915	19410
11.172	19437
11.17485	19433
11.1777	19440
11.18055	19436
11.1834	19443
11.18625	19424
11.1891	19439
11.19195	19424
11.1948	19443
11.19765	19443
11.2005	19461
11.20335	19443
11.2062	19447
11.20905	19429
11.2119	19450
11.21475	19439
11.2176	19460
11.22045	19469
11.2233	19469
11.22615	19442
11.229	19447
11.23185	19432
11.2347	19450
11.23755	19437
11.2404	19453
11.24325	19443
11.2461	19450
11.24895	19431
11.2518	19408
11.25465	19404
11.2575	19399
11.26035	19385
11.2632	19373
11.26605	19353
11.2689	19320
11.27175	19268
11.2746	19230
11.27745	19190
11.2803	19170
11.28315	19111
11.286	19071
11.28885	19016
11.2917	18966
11.29455	18891
11.2974	18833
11.30025	18789
11.3031	18754
11.30595	18702
11.3088	18678
11.31165	18622
11.3145	18586
11.31735	18533
11.3202	18526
11.32305	18488
11.3259	18485
11.32875	18470
11.3316	18455
11.33445	18414
11.3373	18405
11.34015	18370
11.343	18374
11.34585	18367
11.3487	18376
11.35155	18365
11.3544	18369
11.35725	18352
11.3601	18346
11.36295	18343
11.3658	18349
11.36865	18360
11.3715	18372
11.37435	18382
11.3772	18381
11.38005	18378
11.3829	18381
11.38575	18379
11.3886	18404
11.39145	18415
11.3943	18431
11.39715	18439
11.4	18440
11.40285	18437
11.4057	18461
11.40855	18465
11.4114	18487
11.41425	18498
11.4171	18525
11.41995	18527
11.4228	18533
11.42565	18527
11.4285	18559
11.43135	18562
11.4342	18589
11.43705	18598
11.4399	18640
11.44275	18619
11.4456	18631
11.44845	18630
11.4513	18670
11.45415	18678
11.457	18706
11.45985	18718
11.4627	18749
11.46555	18744
11.4684	18762
11.47125	18777
11.4741	18804
11.47695	18821
11.4798	18856
11.48265	18875
11.4855	18893
11.48835	18895
11.4912	18904
11.49405	18910
11.4969	18933
11.49975	18967
11.5026	18990
11.50545	18989
11.5083	18996
11.51115	18994
11.514	18998
11.51685	19012
11.5197	19035
11.52255	19042
11.5254	19051
11.52825	19054
11.5311	19061
11.53395	19046
11.5368	19061
11.53965	19058
11.5425	19071
11.54535	19073
11.5482	19096
11.55105	19070
11.5539	19067
11.55675	19048
11.5596	19075
11.56245	19054
11.5653	19067
11.56815	19063
11.571	19078
11.57385	19044
11.5767	19038
11.57955	19021
11.5824	19035
11.58525	19021
11.5881	19041
11.59095	19040
11.5938	19035
11.59665	19011
11.5995	19006
11.60235	18990
11.6052	19000
11.60805	19009
11.6109	19007
11.61375	18989
11.6166	18997
11.61945	18986
11.6223	18976
11.62515	18966
11.628	18982
11.63085	18986
11.6337	18992
11.63655	18977
11.6394	18990
11.64225	18968
11.6451	18973
11.64795	18974
11.6508	18999
11.65365	18995
11.6565	19009
11.65935	19004
11.6622	19015
11.66505	18990
11.6679	19020
11.67075	19011
11.6736	19038
11.67645	19039
11.6793	19071
11.68215	19034
11.685	19050
11.68785	19038
11.6907	19064
11.69355	19059
11.6964	19090
11.69925	19100
11.7021	19098
11.70495	19086
11.7078	19101
11.71065	19104
11.7135	19115
11.71635	19125
11.7192	19147
11.72205	19143
11.7249	19154
11.72775	19152
11.7306	19149
11.73345	19146
11.7363	19179
11.73915	19188
11.742	19202
11.74485	19196
11.7477	19208
11.75055	19189
11.7534	19194
11.75625	19205
11.7591	19229
11.76195	19224
11.7648	19233
11.76765	19239
11.7705	19250
11.77335	19227
11.7762	19239
11.77905	19247
11.7819	19275
11.78475	19271
11.7876	19301
11.79045	19278
11.7933	19286
11.79615	19272
11.799	19288
11.80185	19299
11.8047	19319
11.80755	19326
11.8104	19325
11.81325	19315
11.8161	19318
11.81895	19315
11.8218	19324
11.82465	19326
11.8275	19349
11.83035	19355
11.8332	19355
11.83605	19347
11.8389	19342
11.84175	19336
11.8446	19357
11.84745	19373
11.8503	19378
11.85315	19382
11.856	19374
11.85885	19366
11.8617	19365
11.86455	19365
11.8674	19386
11.87025	19377
11.8731	19395
11.87595	19387
11.8788	19381
11.88165	19370
11.8845	19367
11.88735	19378
11.8902	19391
11.89305	19393
11.8959	19405
11.89875	19393
11.9016	19394
11.90445	19379
11.9073	19394
11.91015	19396
11.913	19414
11.91585	19406
11.9187	19416
11.92155	19402
11.9244	19403
11.92725	19400
11.9301	19409
11.93295	19403
11.9358	19422
11.93865	19422
11.9415	19425
11.94435	19408
11.9472	19406
11.95005	19397
11.9529	19414
11.95575	19422
11.9586	19432
11.96145	19433
11.9643	19421
11.96715	19419
11.97	19412
11.97285	19402
11.9757	19422
11.97855	19429
11.9814	19438
11.98425	19422
11.9871	19420
11.98995	19411
11.9928	19403
11.99565	19406
11.9985	19422
12.00135	19427
12.0042	19431
12.00705	19423
12.0099	19429
12.01275	19411
12.0156	19431
12.01845	19418
12.0213	19440
12.02415	19437
12.027	19461
12.02985	19427
12.0327	19427
12.03555	19425
12.0384	19447
12.04125	19429
12.0441	19445
12.04695	19453
12.0498	19459
12.05265	19431
12.0555	19437
12.05835	19426
12.0612	19445
12.06405	19439
12.0669	19468
12.06975	19465
12.0726	19463
12.07545	19448
12.0783	19448
12.08115	19443
12.084	19463
12.08685	19475
12.0897	19484
12.09255	19478
12.0954	19474
12.09825	19464
12.1011	19464
12.10395	19455
12.1068	19482
12.10965	19485
12.1125	19487
12.11535	19482
12.1182	19493
12.12105	19469
12.1239	19479
12.12675	19474
12.1296	19505
12.13245	19496
12.1353	19517
12.13815	19486
12.141	19494
12.14385	19475
12.1467	19501
12.14955	19483
12.1524	19508
12.15525	19496
12.1581	19512
12.16095	19477
12.1638	19480
12.16665	19472
12.1695	19464
12.17235	19443
12.1752	19463
12.17805	19449
12.1809	19416
12.18375	19377
12.1866	19357
12.18945	19323
12.1923	19296
12.19515	19265
12.198	19230
12.20085	19176
12.2037	19113
12.20655	19049
12.2094	18983
12.21225	18910
12.2151	18871
12.21795	18812
12.2208	18746
12.22365	18685
12.2265	18640
12.22935	18570
12.2322	18523
12.23505	18489
12.2379	18480
12.24075	18440
12.2436	18423
12.24645	18378
12.2493	18358
12.25215	18316
12.255	18316
12.25785	18285
12.2607	18288
12.26355	18264
12.2664	18275
12.26925	18229
12.2721	18225
12.27495	18195
12.2778	18218
12.28065	18201
12.2835	18222
12.28635	18210
12.2892	18216
12.29205	18195
12.2949	18199
12.29775	18194
12.3006	18206
12.30345	18209
12.3063	18227
12.30915	18227
12.312	18224
12.31485	18219
12.3177	18219
12.32055	18226
12.3234	18238
12.32625	18262
12.3291	18266
12.33195	18258
12.3348	18269
12.33765	18261
12.3405	18274
12.34335	18277
12.3462	18295
12.34905	18304
12.3519	18317
12.35475	18317
12.3576	18322
12.36045	18312
12.3633	18336
12.36615	18343
12.369	18369
12.37185	18373
12.3747	18403
12.37755	18382
12.3804	18390
12.38325	18387
12.3861	18413
12.38895	18422
12.3918	18450
12.39465	18455
12.3975	18490
12.40035	18471
12.4032	18490
12.40605	18491
12.4089	18530
12.41175	18545
12.4146	18574
12.41745	18592
12.4203	18607
12.42315	18605
12.426	18619
12.42885	18625
12.4317	18666
12.43455	18686
12.4374	18699
12.44025	18702
12.4431	18718
12.44595	18724
12.4488	18728
12.45165	18741
12.4545	18760
12.45735	18778
12.4602	18780
12.46305	18781
12.4659	18789
12.46875	18775
12.4716	18774
12.47445	18789
12.4773	18813
12.48015	18812
12.483	18820
12.48585	18798
12.4887	18805
12.49155	18786
12.4944	18806
12.49725	18789
12.5001	18805
12.50295	18792
12.5058	18809
12.50865	18773
12.5115	18771
12.51435	18762
12.5172	18775
12.52005	18753
12.5229	18771
12.52575	18763
12.5286	18757
12.53145	18725
12.5343	18726
12.53715	18721
12.54	18735
12.54285	18722
12.5457	18737
12.54855	18726
12.5514	18728
12.55425	18714
12.5571	18714
12.55995	18717
12.5628	18727
12.56565	18734
12.5685	18727
12.57135	18727
12.5742	18734
12.57705	18721
12.5799	18714
12.58275	18726
12.5856	18756
12.58845	18751
12.5913	18765
12.59415	18758
12.597	18765
12.59985	18745
12.6027	18770
12.60555	18778
12.6084	18803
12.61125	18799
12.6141	18827
12.61695	18812
12.6198	18814
12.62265	18808
12.6255	18846
12.62835	18836
12.6312	18868
12.63405	18864
12.6369	18892
12.63975	18869
12.6426	18877
12.64545	18884
12.6483	18912
12.65115	18909
12.654	18943
12.65685	18935
12.6597	18947
12.66255	18936
12.6654	18950
12.66825	18947
12.6711	18979
12.67395	18993
12.6768	19013
12.67965	19004
12.6825	19009
12.68535	19013
12.6882	19024
12.69105	19024
12.6939	19051
12.69675	19064
12.6996	19074
12.70245	19072
12.7053	19078
12.70815	19066
12.711	19068
12.71385	19095
12.7167	19115
12.71955	19118
12.7224	19128
12.72525	19124
12.7281	19123
12.73095	19116
12.7338	19153
12.73665	19143
12.7395	19158
12.74235	19155
12.7452	19186
12.74805	19158
12.7509	19162
12.75375	19160
12.7566	19181
12.75945	19171
12.7623	19197
12.76515	19198
12.768	19194
12.77085	19173
12.7737	19184
12.77655	19173
12.7794	19197
12.78225	19205
12.7851	19218
12.78795	19201
12.7908	19211
12.79365	19208
12.7965	19202
12.79935	19195
12.8022	19218
12.80505	19228
12.8079	19230
12.81075	19220
12.8136	19223
12.81645	19211
12.8193	19207
12.82215	19221
12.825	19242
12.82785	19242
12.8307	19243
12.83355	19237
12.8364	19239
12.83925	19229
12.8421	19247
12.84495	19239
12.8478	19265
12.85065	19262
12.8535	19275
12.85635	19249
12.8592	19253
12.86205	19243
12.8649	19277
12.86775	19253
12.8706	19281
12.87345	19282
12.8763	19283
12.87915	19255
12.882	19265
12.88485	19252
12.8877	19278
12.89055	19272
12.8934	19293
12.89625	19292
12.8991	19288
12.90195	19275
12.9048	19278
12.90765	19285
12.9105	19292
12.91335	19303
12.9162	19306
12.91905	19297
12.9219	19302
12.92475	19287
12.9276	19293
12.93045	19287
12.9333	19306
12.93615	19305
12.939	19303
12.94185	19301
12.9447	19297
12.94755	19281
12.9504	19285
12.95325	19296
12.9561	19316
12.95895	19309
12.9618	19323
12.96465	19295
12.9675	19303
12.97035	19293
12.9732	19320
12.97605	19298
12.9789	19329
12.98175	19332
12.9846	19336
12.98745	19303
12.9903	19315
12.99315	19303
12.996	19327
12.99885	19317
13.0017	19348
13.00455	19333
13.0074	19335
13.01025	19316
13.0131	19333
13.01595	19336
13.0188	19349
13.02165	19357
13.0245	19368
13.02735	19374
13.0302	19367
13.03305	19366
13.0359	19373
13.03875	19373
13.0416	19384
13.04445	19406
13.0473	19397
13.05015	19389
13.053	19392
13.05585	19377
13.0587	19383
13.06155	19389
13.0644	19411
13.06725	19410
13.0701	19415
13.07295	19397
13.0758	19400
13.07865	19382
13.0815	19397
13.08435	19384
13.0872	19400
13.09005	19377
13.0929	19384
13.09575	19336
13.0986	19319
13.10145	19278
13.1043	19284
13.10715	19238
13.11	19222
13.11285	19166
13.1157	19123
13.11855	19053
13.1214	19003
13.12425	18951
13.1271	18894
13.12995	18830
13.1328	18788
13.13565	18723
13.1385	18658
13.14135	18598
13.1442	18549
13.14705	18511
13.1499	18467
13.15275	18446
13.1556	18408
13.15845	18357
13.1613	18326
13.16415	18291
13.167	18254
13.16985	18238
13.1727	18229
13.17555	18211
13.1784	18200
13.18125	18168
13.1841	18157
13.18695	18132
13.1898	18134
13.19265	18124
13.1955	18135
13.19835	18125
13.2012	18136
13.20405	18105
13.2069	18099
13.20975	18082
13.2126	18103
13.21545	18096
13.2183	18118
13.22115	18102
13.224	18123
13.22685	18090
13.2297	18093
13.23255	18091
13.2354	18119
13.23825	18113
13.2411	18138
13.24395	18133
13.2468	18138
13.24965	18119
13.2525	18133
13.25535	18139
13.2582	18152
13.26105	18168
13.2639	18173
13.26675	18159
13.2696	18177
13.27245	18167
13.2753	18165
13.27815	18161
13.281	18190
13.28385	18200
13.2867	18192
13.28955	18188
13.2924	18205
13.29525	18190
13.2981	18206
13.30095	18216
13.3038	18248
13.30665	18253
13.3095	18267
13.31235	18264
13.3152	18278
13.31805	18275
13.3209	18304
13.32375	18314
13.3266	18354
13.32945	18361
13.3323	18392
13.33515	18375
13.338	18398
13.34085	18401
13.3437	18449
13.34655	18449
13.3494	18490
13.35225	18501
13.3551	18504
13.35795	18497
13.3608	18519
13.36365	18531
13.3665	18547
13.36935	18558
13.3722	18583
13.37505	18584
13.3779	18594

