0	679032
0.004166667	679140
0.008333333	679229
0.0125	679304
0.016666667	679386
0.020833333	679490
0.025	679603
0.029166667	679667
0.033333333	679721
0.0375	679847
0.041666667	679863
0.045833333	679993
0.05	680027
0.054166667	680096
0.058333333	680194
0.0625	680253
0.066666667	680328
0.070833333	680401
0.075	680404
0.079166667	680529
0.083333333	680596
0.0875	680647
0.091666667	680672
0.095833333	680715
0.1	680757
0.104166667	680853
0.108333333	680921
0.1125	680947
0.116666667	680995
0.120833333	681051
0.125	681139
0.129166667	681144
0.133333333	681245
0.1375	681291
0.141666667	681393
0.145833333	681435
0.15	681534
0.154166667	681584
0.158333333	681635
0.1625	681679
0.166666667	681757
0.170833333	681816
0.175	681859
0.179166667	681946
0.183333333	681953
0.1875	682059
0.191666667	682082
0.195833333	682185
0.2	682243
0.204166667	682259
0.208333333	682376
0.2125	682451
0.216666667	682524
0.220833333	682572
0.225	682685
0.229166667	682783
0.233333333	682842
0.2375	682974
0.241666667	683030
0.245833333	683146
0.25	683252
0.254166667	683348
0.258333333	683434
0.2625	683497
0.266666667	683596
0.270833333	683684
0.275	683819
0.279166667	683886
0.283333333	684000
0.2875	684050
0.291666667	684137
0.295833333	684258
0.3	684285
0.304166667	684413
0.308333333	684472
0.3125	684549
0.316666667	684606
0.320833333	684727
0.325	684736
0.329166667	684792
0.333333333	684792
0.3375	684752
0.341666667	684735
0.345833333	684599
0.35	684441
0.354166667	684190
0.358333333	683922
0.3625	683599
0.366666667	683195
0.370833333	682761
0.375	682291
0.379166667	681833
0.383333333	681277
0.3875	680723
0.391666667	680180
0.395833333	679595
0.4	679087
0.404166667	678544
0.408333333	677985
0.4125	677428
0.416666667	676979
0.420833333	676480
0.425	676031
0.429166667	675600
0.433333333	675198
0.4375	674772
0.441666667	674459
0.445833333	674125
0.45	673842
0.454166667	673532
0.458333333	673286
0.4625	673035
0.466666667	672858
0.470833333	672677
0.475	672509
0.479166667	672342
0.483333333	672208
0.4875	672114
0.491666667	671952
0.495833333	671878
0.5	671777
0.504166667	671711
0.508333333	671662
0.5125	671532
0.516666667	671501
0.520833333	671451
0.525	671420
0.529166667	671326
0.533333333	671307
0.5375	671254
0.541666667	671233
0.545833333	671214
0.55	671154
0.554166667	671134
0.558333333	671134
0.5625	671129
0.566666667	671127
0.570833333	671127
0.575	671113
0.579166667	671131
0.583333333	671138
0.5875	671157
0.591666667	671201
0.595833333	671223
0.6	671290
0.604166667	671336
0.608333333	671487
0.6125	671541
0.616666667	671616
0.620833333	671744
0.625	671881
0.629166667	672039
0.633333333	672158
0.6375	672374
0.641666667	672477
0.645833333	672654
0.65	672837
0.654166667	672998
0.658333333	673132
0.6625	673361
0.666666667	673510
0.670833333	673699
0.675	673862
0.679166667	674021
0.683333333	674132
0.6875	674244
0.691666667	674362
0.695833333	674480
0.7	674575
0.704166667	674674
0.708333333	674725
0.7125	674781
0.716666667	674874
0.720833333	674915
0.725	674950
0.729166667	674977
0.733333333	675008
0.7375	675008
0.741666667	675010
0.745833333	675010
0.75	675033
0.754166667	675039
0.758333333	675044
0.7625	675044
0.766666667	675024
0.770833333	675005
0.775	674996
0.779166667	674991
0.783333333	674982
0.7875	674963
0.791666667	674938
0.795833333	674963
0.8	674916
0.804166667	674904
0.808333333	674896
0.8125	674904
0.816666667	674929
0.820833333	674946
0.825	674963
0.829166667	674984
0.833333333	674989
0.8375	675003
0.841666667	675023
0.845833333	675036
0.85	675099
0.854166667	675103
0.858333333	675146
0.8625	675195
0.866666667	675258
0.870833333	675290
0.875	675304
0.879166667	675421
0.883333333	675437
0.8875	675490
0.891666667	675612
0.895833333	675633
0.9	675717
0.904166667	675779
0.908333333	675856
0.9125	675945
0.916666667	676017
0.920833333	676107
0.925	676177
0.929166667	676269
0.933333333	676367
0.9375	676420
0.941666667	676536
0.945833333	676605
0.95	676667
0.954166667	676771
0.958333333	676871
0.9625	676933
0.966666667	677036
0.970833333	677152
0.975	677261
0.979166667	677321
0.983333333	677428
0.9875	677508
0.991666667	677589
0.995833333	677713
1	677782
1.004166667	677886
1.008333333	677959
1.0125	678043
1.016666667	678158
1.020833333	678310
1.025	678336
1.029166667	678465
1.033333333	678569
1.0375	678685
1.041666667	678753
1.045833333	678871
1.05	679005
1.054166667	679062
1.058333333	679173
1.0625	679276
1.066666667	679348
1.070833333	679444
1.075	679579
1.079166667	679633
1.083333333	679713
1.0875	679786
1.091666667	679837
1.095833333	679920
1.1	680036
1.104166667	680099
1.108333333	680120
1.1125	680232
1.116666667	680281
1.120833333	680349
1.125	680429
1.129166667	680547
1.133333333	680575
1.1375	680651
1.141666667	680682
1.145833333	680774
1.15	680858
1.154166667	680938
1.158333333	680939
1.1625	681033
1.166666667	681063
1.170833333	681128
1.175	681154
1.179166667	681229
1.183333333	681298
1.1875	681350
1.191666667	681473
1.195833333	681492
1.2	681540
1.204166667	681591
1.208333333	681662
1.2125	681727
1.216666667	681790
1.220833333	681863
1.225	681958
1.229166667	681975
1.233333333	682064
1.2375	682127
1.241666667	682132
1.245833333	682238
1.25	682309
1.254166667	682375
1.258333333	682465
1.2625	682505
1.266666667	682572
1.270833333	682625
1.275	682679
1.279166667	682793
1.283333333	682840
1.2875	682922
1.291666667	682981
1.295833333	683058
1.3	683134
1.304166667	683185
1.308333333	683266
1.3125	683311
1.316666667	683395
1.320833333	683436
1.325	683538
1.329166667	683590
1.333333333	683641
1.3375	683709
1.341666667	683717
1.345833333	683780
1.35	683827
1.354166667	683827
1.358333333	683784
1.3625	683784
1.366666667	683610
1.370833333	683481
1.375	683282
1.379166667	683014
1.383333333	682718
1.3875	682366
1.391666667	681965
1.395833333	681527
1.4	681059
1.404166667	680552
1.408333333	680037
1.4125	679521
1.416666667	678997
1.420833333	678447
1.425	677968
1.429166667	677478
1.433333333	676996
1.4375	676559
1.441666667	676036
1.445833333	675614
1.45	675185
1.454166667	674855
1.458333333	674475
1.4625	674138
1.466666667	673866
1.470833333	673559
1.475	673319
1.479166667	673060
1.483333333	672847
1.4875	672679
1.491666667	672495
1.495833333	672321
1.5	672181
1.504166667	672105
1.508333333	671987
1.5125	671846
1.516666667	671774
1.520833333	671725
1.525	671613
1.529166667	671546
1.533333333	671539
1.5375	671525
1.541666667	671407
1.545833333	671390
1.55	671383
1.554166667	671332
1.558333333	671321
1.5625	671321
1.566666667	671315
1.570833333	671315
1.575	671315
1.579166667	671288
1.583333333	671300
1.5875	671300
1.591666667	671314
1.595833333	671331
1.6	671363
1.604166667	671431
1.608333333	671466
1.6125	671506
1.616666667	671610
1.620833333	671642
1.625	671742
1.629166667	671802
1.633333333	671922
1.6375	672068
1.641666667	672181
1.645833333	672335
1.65	672514
1.654166667	672696
1.658333333	672834
1.6625	673017
1.666666667	673212
1.670833333	673422
1.675	673546
1.679166667	673734
1.683333333	673916
1.6875	674068
1.691666667	674246
1.695833333	674441
1.7	674592
1.704166667	674676
1.708333333	674848
1.7125	674904
1.716666667	675023
1.720833333	675133
1.725	675180
1.729166667	675265
1.733333333	675335
1.7375	675388
1.741666667	675403
1.745833333	675431
1.75	675503
1.754166667	675503
1.758333333	675447
1.7625	675441
1.766666667	675447
1.770833333	675502
1.775	675502
1.779166667	675489
1.783333333	675477
1.7875	675455
1.791666667	675455
1.795833333	675458
1.8	675471
1.804166667	675471
1.808333333	675427
1.8125	675427
1.816666667	675432
1.820833333	675511
1.825	675511
1.829166667	675470
1.833333333	675470
1.8375	675484
1.841666667	675532
1.845833333	675573
1.85	675586
1.854166667	675617
1.858333333	675623
1.8625	675679
1.866666667	675715
1.870833333	675716
1.875	675807
1.879166667	675812
1.883333333	675828
1.8875	675961
1.891666667	675984
1.895833333	676023
1.9	676078
1.904166667	676186
1.908333333	676218
1.9125	676288
1.916666667	676371
1.920833333	676459
1.925	676532
1.929166667	676649
1.933333333	676677
1.9375	676761
1.941666667	676864
1.945833333	676955
1.95	677075
1.954166667	677144
1.958333333	677229
1.9625	677318
1.966666667	677405
1.970833333	677518
1.975	677589
1.979166667	677664
1.983333333	677846
1.9875	677891
1.991666667	678021
1.995833333	678143
2	678197
2.004166667	678304
2.008333333	678385
2.0125	678533
2.016666667	678617
2.020833333	678654
2.025	678791
2.029166667	678944
2.033333333	678981
2.0375	679044
2.041666667	679183
2.045833333	679277
2.05	679395
2.054166667	679473
2.058333333	679524
2.0625	679605
2.066666667	679706
2.070833333	679815
2.075	679908
2.079166667	679979
2.083333333	680053
2.0875	680134
2.091666667	680209
2.095833333	680321
2.1	680337
2.104166667	680430
2.108333333	680470
2.1125	680491
2.116666667	680613
2.120833333	680697
2.125	680702
2.129166667	680763
2.133333333	680859
2.1375	680873
2.141666667	680934
2.145833333	680940
2.15	681037
2.154166667	681066
2.158333333	681129
2.1625	681141
2.166666667	681239
2.170833333	681359
2.175	681360
2.179166667	681428
2.183333333	681441
2.1875	681547
2.191666667	681617
2.195833333	681637
2.2	681747
2.204166667	681760
2.208333333	681830
2.2125	681916
2.216666667	681948
2.220833333	682043
2.225	682092
2.229166667	682097
2.233333333	682191
2.2375	682248
2.241666667	682323
2.245833333	682348
2.25	682382
2.254166667	682518
2.258333333	682555
2.2625	682633
2.266666667	682736
2.270833333	682784
2.275	682842
2.279166667	682942
2.283333333	683009
2.2875	683058
2.291666667	683140
2.295833333	683214
2.3	683297
2.304166667	683299
2.308333333	683307
2.3125	683420
2.316666667	683501
2.320833333	683537
2.325	683591
2.329166667	683699
2.333333333	683723
2.3375	683768
2.341666667	683803
2.345833333	683881
2.35	683935
2.354166667	683941
2.358333333	683949
2.3625	683949
2.366666667	683904
2.370833333	683764
2.375	683699
2.379166667	683512
2.383333333	683304
2.3875	682986
2.391666667	682707
2.395833333	682351
2.4	681924
2.404166667	681421
2.408333333	680940
2.4125	680380
2.416666667	679881
2.420833333	679305
2.425	678806
2.429166667	678215
2.433333333	677659
2.4375	677195
2.441666667	676676
2.445833333	676151
2.45	675667
2.454166667	675187
2.458333333	674775
2.4625	674388
2.466666667	673970
2.470833333	673604
2.475	673255
2.479166667	673012
2.483333333	672692
2.4875	672437
2.491666667	672173
2.495833333	671962
2.5	671800
2.504166667	671605
2.508333333	671450
2.5125	671296
2.516666667	671167
2.520833333	671104
2.525	670981
2.529166667	670872
2.533333333	670821
2.5375	670725
2.541666667	670688
2.545833333	670568
2.55	670496
2.554166667	670458
2.558333333	670418
2.5625	670313
2.566666667	670298
2.570833333	670249
2.575	670215
2.579166667	670195
2.583333333	670195
2.5875	670154
2.591666667	670101
2.595833333	670101
2.6	670102
2.604166667	670124
2.608333333	670134
2.6125	670134
2.616666667	670134
2.620833333	670211
2.625	670244
2.629166667	670278
2.633333333	670327
2.6375	670391
2.641666667	670460
2.645833333	670575
2.65	670658
2.654166667	670797
2.658333333	670902
2.6625	671066
2.666666667	671233
2.670833333	671334
2.675	671523
2.679166667	671727
2.683333333	671914
2.6875	672055
2.691666667	672244
2.695833333	672400
2.7	672564
2.704166667	672715
2.708333333	672885
2.7125	673014
2.716666667	673186
2.720833333	673307
2.725	673407
2.729166667	673482
2.733333333	673590
2.7375	673678
2.741666667	673723
2.745833333	673811
2.75	673874
2.754166667	673925
2.758333333	673925
2.7625	673931
2.766666667	673938
2.770833333	673958
2.775	673945
2.779166667	673945
2.783333333	673926
2.7875	673903
2.791666667	673891
2.795833333	673870
2.8	673846
2.804166667	673829
2.808333333	673808
2.8125	673807
2.816666667	673806
2.820833333	673762
2.825	673762
2.829166667	673762
2.833333333	673731
2.8375	673729
2.841666667	673729
2.845833333	673748
2.85	673757
2.854166667	673792
2.858333333	673823
2.8625	673840
2.866666667	673837
2.870833333	673840
2.875	673840
2.879166667	673919
2.883333333	673958
2.8875	674001
2.891666667	674006
2.895833333	674043
2.9	674107
2.904166667	674156
2.908333333	674186
2.9125	674270
2.916666667	674363
2.920833333	674369
2.925	674447
2.929166667	674516
2.933333333	674569
2.9375	674627
2.941666667	674747
2.945833333	674809
2.95	674880
2.954166667	674940
2.958333333	675023
2.9625	675145
2.966666667	675187
2.970833333	675314
2.975	675412
2.979166667	675485
2.983333333	675572
2.9875	675714
2.991666667	675772
2.995833333	675852
3	675980
3.004166667	676113
3.008333333	676218
3.0125	676336
3.016666667	676388
3.020833333	676504
3.025	676610
3.029166667	676677
3.033333333	676813
3.0375	676894
3.041666667	676966
3.045833333	677097
3.05	677215
3.054166667	677303
3.058333333	677425
3.0625	677475
3.066666667	677610
3.070833333	677680
3.075	677773
3.079166667	677868
3.083333333	677976
3.0875	678028
3.091666667	678125
3.095833333	678261
3.1	678300
3.104166667	678368
3.108333333	678475
3.1125	678550
3.116666667	678632
3.120833333	678681
3.125	678693
3.129166667	678842
3.133333333	678861
3.1375	678900
3.141666667	678920
3.145833333	678992
3.15	679036
3.154166667	679107
3.158333333	679181
3.1625	679222
3.166666667	679224
3.170833333	679293
3.175	679390
3.179166667	679437
3.183333333	679471
3.1875	679508
3.191666667	679531
3.195833333	679600
3.2	679688
3.204166667	679722
3.208333333	679797
3.2125	679832
3.216666667	679914
3.220833333	679956
3.225	679993
3.229166667	680107
3.233333333	680130
3.2375	680179
3.241666667	680245
3.245833333	680284
3.25	680385
3.254166667	680471
3.258333333	680500
3.2625	680579
3.266666667	680612
3.270833333	680717
3.275	680762
3.279166667	680786
3.283333333	680869
3.2875	680928
3.291666667	681000
3.295833333	681039
3.3	681124
3.304166667	681216
3.308333333	681240
3.3125	681304
3.316666667	681341
3.320833333	681435
3.325	681436
3.329166667	681537
3.333333333	681639
3.3375	681693
3.341666667	681707
3.345833333	681800
3.35	681853
3.354166667	681930
3.358333333	681967
3.3625	681981
3.366666667	682047
3.370833333	682048
3.375	682048
3.379166667	682017
3.383333333	681912
3.3875	681807
3.391666667	681670
3.395833333	681437
3.4	681154
3.404166667	680843
3.408333333	680466
3.4125	680059
3.416666667	679617
3.420833333	679116
3.425	678611
3.429166667	678062
3.433333333	677577
3.4375	677053
3.441666667	676498
3.445833333	675972
3.45	675439
3.454166667	674879
3.458333333	674390
3.4625	673880
3.466666667	673457
3.470833333	672984
3.475	672586
3.479166667	672204
3.483333333	671839
3.4875	671480
3.491666667	671143
3.495833333	670888
3.5	670647
3.504166667	670438
3.508333333	670145
3.5125	669979
3.516666667	669807
3.520833333	669643
3.525	669478
3.529166667	669342
3.533333333	669188
3.5375	669079
3.541666667	668996
3.545833333	668873
3.55	668821
3.554166667	668691
3.558333333	668679
3.5625	668569
3.566666667	668569
3.570833333	668496
3.575	668456
3.579166667	668415
3.583333333	668368
3.5875	668351
3.591666667	668315
3.595833333	668297
3.6	668285
3.604166667	668279
3.608333333	668279
3.6125	668269
3.616666667	668254
3.620833333	668254
3.625	668297
3.629166667	668314
3.633333333	668346
3.6375	668406
3.641666667	668427
3.645833333	668479
3.65	668576
3.654166667	668683
3.658333333	668745
3.6625	668899
3.666666667	669032
3.670833333	669150
3.675	669354
3.679166667	669512
3.683333333	669628
3.6875	669863
3.691666667	670050
3.695833333	670219
3.7	670414
3.704166667	670573
3.708333333	670751
3.7125	670909
3.716666667	671043
3.720833333	671240
3.725	671360
3.729166667	671484
3.733333333	671610
3.7375	671697
3.741666667	671798
3.745833333	671909
3.75	671935
3.754166667	671999
3.758333333	672085
3.7625	672104
3.766666667	672138
3.770833333	672174
3.775	672218
3.779166667	672236
3.783333333	672236
3.7875	672232
3.791666667	672232
3.795833333	672255
3.8	672280
3.804166667	672269
3.808333333	672269
3.8125	672228
3.816666667	672228
3.820833333	672220
3.825	672241
3.829166667	672241
3.833333333	672241
3.8375	672235
3.841666667	672235
3.845833333	672282
3.85	672302
3.854166667	672303
3.858333333	672311
3.8625	672341
3.866666667	672372
3.870833333	672426
3.875	672426
3.879166667	672467
3.883333333	672481
3.8875	672527
3.891666667	672618
3.895833333	672624
3.9	672682
3.904166667	672721
3.908333333	672771
3.9125	672815
3.916666667	672888
3.920833333	672966
3.925	672984
3.929166667	673074
3.933333333	673147
3.9375	673185
3.941666667	673271
3.945833333	673282
3.95	673361
3.954166667	673480
3.958333333	673587
3.9625	673666
3.966666667	673751
3.970833333	673788
3.975	673895
3.979166667	674005
3.983333333	674021
3.9875	674110
3.991666667	674220
3.995833333	674336
4	674456
4.004166667	674501
4.008333333	674665
4.0125	674705
4.016666667	674797
4.020833333	674888
4.025	675004
4.029166667	675118
4.033333333	675157
4.0375	675293
4.041666667	675387
4.045833333	675435
4.05	675583
4.054166667	675694
4.058333333	675778
4.0625	675888
4.066666667	675980
4.070833333	676074
4.075	676108
4.079166667	676221
4.083333333	676312
4.0875	676373
4.091666667	676438
4.095833333	676567
4.1	676652
4.104166667	676721
4.108333333	676772
4.1125	676834
4.116666667	676904
4.120833333	677003
4.125	677072
4.129166667	677158
4.133333333	677208
4.1375	677271
4.141666667	677357
4.145833333	677380
4.15	677471
4.154166667	677505
4.158333333	677625
4.1625	677687
4.166666667	677687
4.170833333	677766
4.175	677817
4.179166667	677920
4.183333333	677954
4.1875	678012
4.191666667	678103
4.195833333	678184
4.2	678253
4.204166667	678295
4.208333333	678363
4.2125	678409
4.216666667	678503
4.220833333	678561
4.225	678621
4.229166667	678655
4.233333333	678765
4.2375	678792
4.241666667	678858
4.245833333	678862
4.25	678953
4.254166667	678981
4.258333333	679077
4.2625	679123
4.266666667	679132
4.270833333	679217
4.275	679283
4.279166667	679334
4.283333333	679422
4.2875	679508
4.291666667	679529
4.295833333	679584
4.3	679682
4.304166667	679771
4.308333333	679812
4.3125	679925
4.316666667	679926
4.320833333	680013
4.325	680070
4.329166667	680129
4.333333333	680204
4.3375	680257
4.341666667	680318
4.345833333	680354
4.35	680435
4.354166667	680462
4.358333333	680529
4.3625	680561
4.366666667	680561
4.370833333	680548
4.375	680482
4.379166667	680394
4.383333333	680201
4.3875	680010
4.391666667	679718
4.395833333	679439
4.4	679118
4.404166667	678719
4.408333333	678241
4.4125	677773
4.416666667	677295
4.420833333	676703
4.425	676190
4.429166667	675649
4.433333333	675119
4.4375	674571
4.441666667	674014
4.445833333	673468
4.45	672971
4.454166667	672399
4.458333333	671961
4.4625	671505
4.466666667	671083
4.470833333	670661
4.475	670245
4.479166667	669944
4.483333333	669589
4.4875	669301
4.491666667	669018
4.495833333	668724
4.5	668495
4.504166667	668263
4.508333333	668127
4.5125	667891
4.516666667	667713
4.520833333	667622
4.525	667460
4.529166667	667339
4.533333333	667282
4.5375	667087
4.541666667	667065
4.545833333	666974
4.55	666895
4.554166667	666840
4.558333333	666762
4.5625	666756
4.566666667	666710
4.570833333	666651
4.575	666631
4.579166667	666614
4.583333333	666600
4.5875	666568
4.591666667	666568
4.595833333	666553
4.6	666574
4.604166667	666574
4.608333333	666592
4.6125	666635
4.616666667	666657
4.620833333	666735
4.625	666755
4.629166667	666848
4.633333333	666948
4.6375	667014
4.641666667	667126
4.645833333	667332
4.65	667438
4.654166667	667643
4.658333333	667800
4.6625	667993
4.666666667	668190
4.670833333	668372
4.675	668562
4.679166667	668775
4.683333333	669022
4.6875	669136
4.691666667	669352
4.695833333	669585
4.7	669739
4.704166667	669897
4.708333333	670074
4.7125	670204
4.716666667	670327
4.720833333	670439
4.725	670551
4.729166667	670615
4.733333333	670704
4.7375	670770
4.741666667	670808
4.745833333	670865
4.75	670908
4.754166667	670921
4.758333333	670932
4.7625	670932
4.766666667	670937
4.770833333	670922
4.775	670922
4.779166667	670894
4.783333333	670888
4.7875	670883
4.791666667	670862
4.795833333	670859
4.8	670845
4.804166667	670827
4.808333333	670827
4.8125	670812
4.816666667	670779
4.820833333	670767
4.825	670747
4.829166667	670767
4.833333333	670762
4.8375	670762
4.841666667	670762
4.845833333	670763
4.85	670779
4.854166667	670779
4.858333333	670779
4.8625	670846
4.866666667	670846
4.870833333	670847
4.875	670874
4.879166667	670892
4.883333333	670914
4.8875	670975
4.891666667	671049
4.895833333	671062
4.9	671131
4.904166667	671188
4.908333333	671200
4.9125	671280
4.916666667	671349
4.920833333	671382
4.925	671477
4.929166667	671525
4.933333333	671639
4.9375	671658
4.941666667	671727
4.945833333	671800
4.95	671884
4.954166667	671992
4.958333333	672057
4.9625	672169
4.966666667	672234
4.970833333	672317
4.975	672435
4.979166667	672535
4.983333333	672623
4.9875	672632
4.991666667	672776
4.995833333	672854
5	672944
5.004166667	673049
5.008333333	673119
5.0125	673244
5.016666667	673283
5.020833333	673417
5.025	673561
5.029166667	673585
5.033333333	673678
5.0375	673737
5.041666667	673889
5.045833333	673922
5.05	674041
5.054166667	674108
5.058333333	674222
5.0625	674286
5.066666667	674328
5.070833333	674404
5.075	674468
5.079166667	674577
5.083333333	674612
5.0875	674652
5.091666667	674747
5.095833333	674887
5.1	674906
5.104166667	674974
5.108333333	675001
5.1125	675093
5.116666667	675135
5.120833333	675236
5.125	675325
5.129166667	675385
5.133333333	675434
5.1375	675497
5.141666667	675581
5.145833333	675630
5.15	675731
5.154166667	675834
5.158333333	675855
5.1625	675931
5.166666667	676015
5.170833333	676060
5.175	676153
5.179166667	676167
5.183333333	676274
5.1875	676333
5.191666667	676339
5.195833333	676405
5.2	676452
5.204166667	676524
5.208333333	676594
5.2125	676652
5.216666667	676690
5.220833333	676784
5.225	676809
5.229166667	676876
5.233333333	676903
5.2375	676966
5.241666667	677044
5.245833333	677101
5.25	677131
5.254166667	677201
5.258333333	677217
5.2625	677251
5.266666667	677288
5.270833333	677346
5.275	677362
5.279166667	677392
5.283333333	677437
5.2875	677461
5.291666667	677507
5.295833333	677572
5.3	677592
5.304166667	677621
5.308333333	677621
5.3125	677586
5.316666667	677583
5.320833333	677500
5.325	677365
5.329166667	677187
5.333333333	677002
5.3375	676772
5.341666667	676455
5.345833333	676141
5.35	675662
5.354166667	675246
5.358333333	674755
5.3625	674270
5.366666667	673764
5.370833333	673177
5.375	672626
5.379166667	672071
5.383333333	671506
5.3875	670944
5.391666667	670378
5.395833333	669860
5.4	669296
5.404166667	668825
5.408333333	668325
5.4125	667856
5.416666667	667468
5.420833333	667041
5.425	666615
5.429166667	666267
5.433333333	665933
5.4375	665620
5.441666667	665350
5.445833333	665026
5.45	664784
5.454166667	664524
5.458333333	664326
5.4625	664154
5.466666667	663917
5.470833333	663795
5.475	663631
5.479166667	663489
5.483333333	663377
5.4875	663255
5.491666667	663177
5.495833333	663066
5.5	663000
5.504166667	662966
5.508333333	662871
5.5125	662830
5.516666667	662772
5.520833333	662770
5.525	662705
5.529166667	662694
5.533333333	662664
5.5375	662664
5.541666667	662640
5.545833333	662625
5.55	662625
5.554166667	662654
5.558333333	662655
5.5625	662701
5.566666667	662753
5.570833333	662787
5.575	662831
5.579166667	662899
5.583333333	662973
5.5875	663051
5.591666667	663158
5.595833333	663333
5.6	663471
5.604166667	663615
5.608333333	663716
5.6125	663935
5.616666667	664135
5.620833333	664309
5.625	664523
5.629166667	664739
5.633333333	664925
5.6375	665138
5.641666667	665318
5.645833333	665538
5.65	665706
5.654166667	665810
5.658333333	665981
5.6625	666108
5.666666667	666297
5.670833333	666379
5.675	666450
5.679166667	666547
5.683333333	666642
5.6875	666692
5.691666667	666760
5.695833333	666778
5.7	666806
5.704166667	666816
5.708333333	666817
5.7125	666817
5.716666667	666848
5.720833333	666848
5.725	666807
5.729166667	666792
5.733333333	666783
5.7375	666783
5.741666667	666744
5.745833333	666743
5.75	666699
5.754166667	666699
5.758333333	666704
5.7625	666704
5.766666667	666682
5.770833333	666679
5.775	666654
5.779166667	666640
5.783333333	666630
5.7875	666619
5.791666667	666619
5.795833333	666644
5.8	666678
5.804166667	666715
5.808333333	666729
5.8125	666729
5.816666667	666749
5.820833333	666757
5.825	666805
5.829166667	666851
5.833333333	666875
5.8375	666939
5.841666667	666956
5.845833333	667033
5.85	667052
5.854166667	667138
5.858333333	667237
5.8625	667260
5.866666667	667315
5.870833333	667436
5.875	667515
5.879166667	667570
5.883333333	667657
5.8875	667734
5.891666667	667842
5.895833333	667903
5.9	668018
5.904166667	668117
5.908333333	668206
5.9125	668264
5.916666667	668399
5.920833333	668491
5.925	668603
5.929166667	668751
5.933333333	668839
5.9375	668874
5.941666667	668993
5.945833333	669137
5.95	669217
5.954166667	669316
5.958333333	669380
5.9625	669544
5.966666667	669634
5.970833333	669697
5.975	669803
5.979166667	669907
5.983333333	670018
5.9875	670105
5.991666667	670238
5.995833333	670308
6	670383
6.004166667	670487
6.008333333	670577
6.0125	670634
6.016666667	670740
6.020833333	670771
6.025	670912
6.029166667	670971
6.033333333	671032
6.0375	671080
6.041666667	671190
6.045833333	671243
6.05	671337
6.054166667	671385
6.058333333	671388
6.0625	671495
6.066666667	671552
6.070833333	671655
6.075	671668
6.079166667	671735
6.083333333	671772
6.0875	671886
6.091666667	671958
6.095833333	671983
6.1	672019
6.104166667	672093
6.108333333	672158
6.1125	672232
6.116666667	672250
6.120833333	672308
6.125	672386
6.129166667	672423
6.133333333	672469
6.1375	672550
6.141666667	672579
6.145833333	672602
6.15	672696
6.154166667	672770
6.158333333	672807
6.1625	672830
6.166666667	672921
6.170833333	672968
6.175	673087
6.179166667	673091
6.183333333	673180
6.1875	673229
6.191666667	673320
6.195833333	673366
6.2	673443
6.204166667	673494
6.208333333	673562
6.2125	673620
6.216666667	673671
6.220833333	673739
6.225	673795
6.229166667	673887
6.233333333	673900
6.2375	673969
6.241666667	674031
6.245833333	674116
6.25	674147
6.254166667	674181
6.258333333	674243
6.2625	674275
6.266666667	674312
6.270833333	674312
6.275	674302
6.279166667	674286
6.283333333	674160
6.2875	673949
6.291666667	673756
6.295833333	673575
6.3	673233
6.304166667	672854
6.308333333	672490
6.3125	672003
6.316666667	671522
6.320833333	670960
6.325	670442
6.329166667	669837
6.333333333	669245
6.3375	668665
6.341666667	668043
6.345833333	667450
6.35	666876
6.354166667	666293
6.358333333	665691
6.3625	665155
6.366666667	664633
6.370833333	664089
6.375	663615
6.379166667	663123
6.383333333	662686
6.3875	662321
6.391666667	661911
6.395833333	661499
6.4	661160
6.404166667	660886
6.408333333	660592
6.4125	660293
6.416666667	660040
6.420833333	659838
6.425	659605
6.429166667	659394
6.433333333	659266
6.4375	659071
6.441666667	658978
6.445833333	658808
6.45	658651
6.454166667	658538
6.458333333	658478
6.4625	658351
6.466666667	658253
6.470833333	658215
6.475	658073
6.479166667	658036
6.483333333	657965
6.4875	657835
6.491666667	657791
6.495833333	657781
6.5	657749
6.504166667	657685
6.508333333	657644
6.5125	657644
6.516666667	657638
6.520833333	657649
6.525	657648
6.529166667	657657
6.533333333	657657
6.5375	657689
6.541666667	657728
6.545833333	657814
6.55	657893
6.554166667	657992
6.558333333	658092
6.5625	658243
6.566666667	658334
6.570833333	658478
6.575	658688
6.579166667	658931
6.583333333	659079
6.5875	659235
6.591666667	659446
6.595833333	659643
6.6	659831
6.604166667	660070
6.608333333	660198
6.6125	660358
6.616666667	660601
6.620833333	660760
6.625	660849
6.629166667	660999
6.633333333	661150
6.6375	661267
6.641666667	661369
6.645833333	661487
6.65	661574
6.654166667	661603
6.658333333	661698
6.6625	661750
6.666666667	661784
6.670833333	661802
6.675	661839
6.679166667	661839
6.683333333	661839
6.6875	661839
6.691666667	661839
6.695833333	661834
6.7	661834
6.704166667	661834
6.708333333	661832
6.7125	661815
6.716666667	661814
6.720833333	661811
6.725	661803
6.729166667	661788
6.733333333	661788
6.7375	661808
6.741666667	661808
6.745833333	661819
6.75	661854
6.754166667	661902
6.758333333	661922
6.7625	661943
6.766666667	661955
6.770833333	661967
6.775	662006
6.779166667	662014
6.783333333	662028
6.7875	662115
6.791666667	662144
6.795833333	662188
6.8	662249
6.804166667	662335
6.808333333	662390
6.8125	662488
6.816666667	662512
6.820833333	662573
6.825	662630
6.829166667	662712
6.833333333	662771
6.8375	662889
6.841666667	662924
6.845833333	663001
6.85	663069
6.854166667	663164
6.858333333	663249
6.8625	663392
6.866666667	663441
6.870833333	663520
6.875	663638
6.879166667	663765
6.883333333	663845
6.8875	663913
6.891666667	664076
6.895833333	664164
6.9	664260
6.904166667	664337
6.908333333	664471
6.9125	664565
6.916666667	664642
6.920833333	664778
6.925	664873
6.929166667	664993
6.933333333	665095
6.9375	665201
6.941666667	665276
6.945833333	665421
6.95	665522
6.954166667	665641
6.958333333	665724
6.9625	665819
6.966666667	665894
6.970833333	666011
6.975	666065
6.979166667	666181
6.983333333	666314
6.9875	666377
6.991666667	666509
6.995833333	666567
7	666613
7.004166667	666686
7.008333333	666810
7.0125	666860
7.016666667	666942
7.020833333	667069
7.025	667094
7.029166667	667191
7.033333333	667235
7.0375	667322
7.041666667	667416
7.045833333	667472
7.05	667599
7.054166667	667632
7.058333333	667707
7.0625	667748
7.066666667	667835
7.070833333	667964
7.075	667991
7.079166667	668042
7.083333333	668152
7.0875	668218
7.091666667	668293
7.095833333	668324
7.1	668418
7.104166667	668501
7.108333333	668562
7.1125	668678
7.116666667	668684
7.120833333	668803
7.125	668875
7.129166667	668903
7.133333333	668965
7.1375	669014
7.141666667	669050
7.145833333	669174
7.15	669252
7.154166667	669315
7.158333333	669355
7.1625	669450
7.166666667	669519
7.170833333	669562
7.175	669620
7.179166667	669673
7.183333333	669763
7.1875	669836
7.191666667	669936
7.195833333	669977
7.2	670054
7.204166667	670127
7.208333333	670191
7.2125	670266
7.216666667	670342
7.220833333	670357
7.225	670440
7.229166667	670463
7.233333333	670550
7.2375	670630
7.241666667	670671
7.245833333	670742
7.25	670798
7.254166667	670870
7.258333333	670963
7.2625	670980
7.266666667	670980
7.270833333	670959
7.275	670947
7.279166667	670936
7.283333333	670784
7.2875	670623
7.291666667	670412
7.295833333	670125
7.3	669845
7.304166667	669448
7.308333333	669020
7.3125	668534
7.316666667	668070
7.320833333	667537
7.325	666932
7.329166667	666408
7.333333333	665853
7.3375	665230
7.341666667	664606
7.345833333	664067
7.35	663491
7.354166667	662904
7.358333333	662337
7.3625	661793
7.366666667	661313
7.370833333	660849
7.375	660388
7.379166667	659945
7.383333333	659564
7.3875	659189
7.391666667	658824
7.395833333	658511
7.4	658256
7.404166667	657944
7.408333333	657718
7.4125	657431
7.416666667	657220
7.420833333	657015
7.425	656830
7.429166667	656629
7.433333333	656490
7.4375	656334
7.441666667	656195
7.445833333	656076
7.45	655951
7.454166667	655902
7.458333333	655812
7.4625	655767
7.466666667	655687
7.470833333	655595
7.475	655572
7.479166667	655487
7.483333333	655462
7.4875	655416
7.491666667	655379
7.495833333	655361
7.5	655343
7.504166667	655318
7.508333333	655301
7.5125	655301
7.516666667	655303
7.520833333	655343
7.525	655357
7.529166667	655400
7.533333333	655441
7.5375	655516
7.541666667	655573
7.545833333	655669
7.55	655792
7.554166667	655875
7.558333333	656016
7.5625	656200
7.566666667	656309
7.570833333	656552
7.575	656691
7.579166667	656893
7.583333333	657133
7.5875	657306
7.591666667	657537
7.595833333	657760
7.6	657931
7.604166667	658156
7.608333333	658332
7.6125	658470
7.616666667	658657
7.620833333	658792
7.625	658989
7.629166667	659135
7.633333333	659227
7.6375	659372
7.641666667	659427
7.645833333	659526
7.65	659556
7.654166667	659675
7.658333333	659683
7.6625	659713
7.666666667	659752
7.670833333	659755
7.675	659755
7.679166667	659786
7.683333333	659788
7.6875	659786
7.691666667	659788
7.695833333	659779
7.7	659789
7.704166667	659803
7.708333333	659803
7.7125	659803
7.716666667	659787
7.720833333	659797
7.725	659797
7.729166667	659834
7.733333333	659835
7.7375	659861
7.741666667	659904
7.745833333	659948
7.75	659968
7.754166667	660010
7.758333333	660021
7.7625	660077
7.766666667	660115
7.770833333	660201
7.775	660242
7.779166667	660322
7.783333333	660393
7.7875	660466
7.791666667	660532
7.795833333	660549
7.8	660657
7.804166667	660704
7.808333333	660783
7.8125	660921
7.816666667	661030
7.820833333	661083
7.825	661199
7.829166667	661301
7.833333333	661426
7.8375	661508
7.841666667	661593
7.845833333	661708
7.85	661819
7.854166667	661965
7.858333333	662070
7.8625	662186
7.866666667	662297
7.870833333	662431
7.875	662494
7.879166667	662625
7.883333333	662723
7.8875	662865
7.891666667	662987
7.895833333	663086
7.9	663199
7.904166667	663366
7.908333333	663480
7.9125	663597
7.916666667	663715
7.920833333	663777
7.925	663931
7.929166667	664000
7.933333333	664109
7.9375	664241
7.941666667	664335
7.945833333	664489
7.95	664557
7.954166667	664707
7.958333333	664834
7.9625	664844
7.966666667	664990
7.970833333	665082
7.975	665226
7.979166667	665351
7.983333333	665426
7.9875	665497
7.991666667	665632
7.995833333	665774
8	665855
8.004166667	665920
8.008333333	666039
8.0125	666142
8.016666667	666247
8.020833333	666355
8.025	666403
8.029166667	666522
8.033333333	666595
8.0375	666694
8.041666667	666787
8.045833333	666844
8.05	666934
8.054166667	667031
8.058333333	667053
8.0625	667090
8.066666667	667217
8.070833333	667249
8.075	667319
8.079166667	667373
8.083333333	667400
8.0875	667461
8.091666667	667508
8.095833333	667575
8.1	667615
8.104166667	667663
8.108333333	667775
8.1125	667783
8.116666667	667879
8.120833333	667891
8.125	667956
8.129166667	668002
8.133333333	668047
8.1375	668118
8.141666667	668198
8.145833333	668207
8.15	668325
8.154166667	668356
8.158333333	668452
8.1625	668546
8.166666667	668616
8.170833333	668685
8.175	668718
8.179166667	668821
8.183333333	668884
8.1875	668948
8.191666667	669024
8.195833333	669066
8.2	669196
8.204166667	669249
8.208333333	669304
8.2125	669417
8.216666667	669453
8.220833333	669544
8.225	669594
8.229166667	669702
8.233333333	669762
8.2375	669785
8.241666667	669933
8.245833333	669976
8.25	670123
8.254166667	670187
8.258333333	670265
8.2625	670343
8.266666667	670385
8.270833333	670467
8.275	670530
8.279166667	670612
8.283333333	670730
8.2875	670751
8.291666667	670844
8.295833333	670901
8.3	671001
8.304166667	671120
8.308333333	671155
8.3125	671221
8.316666667	671329
8.320833333	671389
8.325	671466
8.329166667	671539
8.333333333	671578
8.3375	671624
8.341666667	671629
8.345833333	671631
8.35	671629
8.354166667	671482
8.358333333	671321
8.3625	671105
8.366666667	670794
8.370833333	670524
8.375	670167
8.379166667	669686
8.383333333	669292
8.3875	668728
8.391666667	668172
8.395833333	667638
8.4	667052
8.404166667	666460
8.408333333	665885
8.4125	665232
8.416666667	664701
8.420833333	664088
8.425	663536
8.429166667	662961
8.433333333	662426
8.4375	661979
8.441666667	661483
8.445833333	661031
8.45	660591
8.454166667	660213
8.458333333	659839
8.4625	659495
8.466666667	659210
8.470833333	658900
8.475	658621
8.479166667	658400
8.483333333	658174
8.4875	657928
8.491666667	657805
8.495833333	657655
8.5	657474
8.504166667	657349
8.508333333	657194
8.5125	657067
8.516666667	656982
8.520833333	656915
8.525	656803
8.529166667	656733
8.533333333	656691
8.5375	656640
8.541666667	656568
8.545833333	656524
8.55	656470
8.554166667	656455
8.558333333	656433
8.5625	656433
8.566666667	656428
8.570833333	656436
8.575	656439
8.579166667	656465
8.583333333	656507
8.5875	656524
8.591666667	656558
8.595833333	656583
8.6	656638
8.604166667	656732
8.608333333	656813
8.6125	656941
8.616666667	657055
8.620833333	657166
8.625	657346
8.629166667	657523
8.633333333	657671
8.6375	657891
8.641666667	658060
8.645833333	658324
8.65	658537
8.654166667	658768
8.658333333	659013
8.6625	659233
8.666666667	659430
8.670833333	659627
8.675	659819
8.679166667	659972
8.683333333	660182
8.6875	660318
8.691666667	660472
8.695833333	660577
8.7	660698
8.704166667	660780
8.708333333	660872
8.7125	660961
8.716666667	661059
8.720833333	661070
8.725	661078
8.729166667	661104
8.733333333	661128
8.7375	661137
8.741666667	661137
8.745833333	661130
8.75	661125
8.754166667	661089
8.758333333	661083
8.7625	661036
8.766666667	661036
8.770833333	661044
8.775	661044
8.779166667	661015
8.783333333	661013
8.7875	660954
8.791666667	660954
8.795833333	660936
8.8	660932
8.804166667	660926
8.808333333	660909
8.8125	660926
8.816666667	660933
8.820833333	660958
8.825	660958
8.829166667	660963
8.833333333	660968
8.8375	660984
8.841666667	661014
8.845833333	661023
8.85	661086
8.854166667	661143
8.858333333	661150
8.8625	661171
8.866666667	661253
8.870833333	661283
8.875	661363
8.879166667	661421
8.883333333	661448
8.8875	661530
8.891666667	661599
8.895833333	661677
8.9	661825
8.904166667	661857
8.908333333	661954
8.9125	662036
8.916666667	662111
8.920833333	662205
8.925	662335
8.929166667	662411
8.933333333	662497
8.9375	662633
8.941666667	662732
8.945833333	662840
8.95	662942
8.954166667	663062
8.958333333	663186
8.9625	663320
8.966666667	663384
8.970833333	663523
8.975	663604
8.979166667	663731
8.983333333	663835
8.9875	663992
8.991666667	664088
8.995833333	664193
9	664274
9.004166667	664432
9.008333333	664558
9.0125	664622
9.016666667	664719
9.020833333	664817
9.025	664903
9.029166667	665031
9.033333333	665139
9.0375	665212
9.041666667	665339
9.045833333	665442
9.05	665537
9.054166667	665635
9.058333333	665692
9.0625	665800
9.066666667	665900
9.070833333	665921
9.075	666060
9.079166667	666104
9.083333333	666225
9.0875	666304
9.091666667	666316
9.095833333	666433
9.1	666461
9.104166667	666535
9.108333333	666591
9.1125	666632
9.116666667	666673
9.120833333	666680
9.125	666770
9.129166667	666830
9.133333333	666832
9.1375	666911
9.141666667	666915
9.145833333	666964
9.15	667031
9.154166667	667037
9.158333333	667065
9.1625	667097
9.166666667	667140
9.170833333	667204
9.175	667255
9.179166667	667314
9.183333333	667328
9.1875	667386
9.191666667	667449
9.195833333	667506
9.2	667525
9.204166667	667591
9.208333333	667646
9.2125	667715
9.216666667	667765
9.220833333	667828
9.225	667865
9.229166667	667968
9.233333333	668036
9.2375	668079
9.241666667	668137
9.245833333	668199
9.25	668264
9.254166667	668313
9.258333333	668395
9.2625	668462
9.266666667	668518
9.270833333	668616
9.275	668648
9.279166667	668730
9.283333333	668814
9.2875	668889
9.291666667	668986
9.295833333	669043
9.3	669132
9.304166667	669226
9.308333333	669327
9.3125	669382
9.316666667	669481
9.320833333	669547
9.325	669623
9.329166667	669714
9.333333333	669788
9.3375	669910
9.341666667	669934
9.345833333	670036
9.35	670123
9.354166667	670184
9.358333333	670265
9.3625	670327
9.366666667	670434
9.370833333	670477
9.375	670529
9.379166667	670624
9.383333333	670638
9.3875	670733
9.391666667	670816
9.395833333	670858
9.4	670925
9.404166667	670935
9.408333333	670925
9.4125	670908
9.416666667	670850
9.420833333	670744
9.425	670555
9.429166667	670390
9.433333333	670103
9.4375	669796
9.441666667	669407
9.445833333	668994
9.45	668570
9.454166667	668088
9.458333333	667570
9.4625	667012
9.466666667	666442
9.470833333	665888
9.475	665278
9.479166667	664729
9.483333333	664197
9.4875	663599
9.491666667	663068
9.495833333	662487
9.5	662050
9.504166667	661511
9.508333333	661014
9.5125	660648
9.516666667	660220
9.520833333	659837
9.525	659469
9.529166667	659143
9.533333333	658822
9.5375	658564
9.541666667	658307
9.545833333	658075
9.55	657899
9.554166667	657689
9.558333333	657501
9.5625	657350
9.566666667	657220
9.570833333	657091
9.575	657009
9.579166667	656932
9.583333333	656834
9.5875	656738
9.591666667	656658
9.595833333	656611
9.6	656540
9.604166667	656540
9.608333333	656508
9.6125	656428
9.616666667	656421
9.620833333	656421
9.625	656421
9.629166667	656399
9.633333333	656399
9.6375	656399
9.641666667	656421
9.645833333	656458
9.65	656458
9.654166667	656523
9.658333333	656550
9.6625	656621
9.666666667	656688
9.670833333	656735
9.675	656859
9.679166667	656970
9.683333333	657031
9.6875	657187
9.691666667	657332
9.695833333	657516
9.7	657712
9.704166667	657858
9.708333333	658104
9.7125	658315
9.716666667	658509
9.720833333	658713
9.725	658943
9.729166667	659120
9.733333333	659363
9.7375	659510
9.741666667	659683
9.745833333	659852
9.75	660034
9.754166667	660192
9.758333333	660310
9.7625	660448
9.766666667	660525
9.770833333	660608
9.775	660674
9.779166667	660730
9.783333333	660768
9.7875	660827
9.791666667	660859
9.795833333	660890
9.8	660905
9.804166667	660905
9.808333333	660907
9.8125	660873
9.816666667	660865
9.820833333	660855
9.825	660844
9.829166667	660826
9.833333333	660778
9.8375	660768
9.841666667	660751
9.845833333	660751
9.85	660731
9.854166667	660758
9.858333333	660747
9.8625	660747
9.866666667	660747
9.870833333	660758
9.875	660772
9.879166667	660776
9.883333333	660781
9.8875	660818
9.891666667	660819
9.895833333	660829
9.9	660885
9.904166667	660905
9.908333333	660931
9.9125	660965
9.916666667	661011
9.920833333	661080
9.925	661099
9.929166667	661170
9.933333333	661210
9.9375	661270
9.941666667	661355
9.945833333	661424
9.95	661471
9.954166667	661547
9.958333333	661605
9.9625	661725
9.966666667	661762
9.970833333	661852
9.975	661945
9.979166667	662055
9.983333333	662116
9.9875	662234
9.991666667	662275
9.995833333	662436
10	662487
10.00416667	662617
10.00833333	662725
10.0125	662809
10.01666667	662938
10.02083333	663052
10.025	663160
10.02916667	663315
10.03333333	663414
10.0375	663535
10.04166667	663603
10.04583333	663732
10.05	663842
10.05416667	663971
10.05833333	664094
10.0625	664241
10.06666667	664330
10.07083333	664481
10.075	664527
10.07916667	664673
10.08333333	664782
10.0875	664923
10.09166667	665086
10.09583333	665167
10.1	665263
10.10416667	665373
10.10833333	665483
10.1125	665639
10.11666667	665694
10.12083333	665782
10.125	665959
10.12916667	666053
10.13333333	666169
10.1375	666244
10.14166667	666352
10.14583333	666408
10.15	666539
10.15416667	666612
10.15833333	666667
10.1625	666798
10.16666667	666844
10.17083333	666971
10.175	667004
10.17916667	667099
10.18333333	667161
10.1875	667249
10.19166667	667333
10.19583333	667354
10.2	667392
10.20416667	667502
10.20833333	667602
10.2125	667672
10.21666667	667791
10.22083333	667848
10.225	667945
10.22916667	668082
10.23333333	668117
10.2375	668251
10.24166667	668367
10.24583333	668435
10.25	668485
10.25416667	668591
10.25833333	668668
10.2625	668736
10.26666667	668843
10.27083333	668954
10.275	669085
10.27916667	669181
10.28333333	669213
10.2875	669314
10.29166667	669412
10.29583333	669551
10.3	669611
10.30416667	669707
10.30833333	669779
10.3125	669870
10.31666667	669980
10.32083333	670068
10.325	670134
10.32916667	670198
10.33333333	670269
10.3375	670377
10.34166667	670399
10.34583333	670471
10.35	670555
10.35416667	670664
10.35833333	670675
10.3625	670773
10.36666667	670820
10.37083333	670881
10.375	670894
10.37916667	670901
10.38333333	670978
10.3875	671017
10.39166667	671021
10.39583333	671021
10.4	671021
10.40416667	671036
10.40833333	671046
10.4125	671076
10.41666667	671076
10.42083333	671057
10.425	671023
10.42916667	670995
10.43333333	670986
10.4375	670951
10.44166667	670856
10.44583333	670791
10.45	670665
10.45416667	670538
10.45833333	670336
10.4625	670072
10.46666667	669811
10.47083333	669430
10.475	669016
10.47916667	668629
10.48333333	668126
10.4875	667597
10.49166667	667045
10.49583333	666526
10.5	665947
10.50416667	665347
10.50833333	664674
10.5125	664110
10.51666667	663507
10.52083333	662949
10.525	662392
10.52916667	661871
10.53333333	661333
10.5375	660793
10.54166667	660374
10.54583333	659882
10.55	659454
10.55416667	659093
10.55833333	658658
10.5625	658342
10.56666667	658026
10.57083333	657727
10.575	657471
10.57916667	657258
10.58333333	657017
10.5875	656821
10.59166667	656618
10.59583333	656496
10.6	656325
10.60416667	656240
10.60833333	656100
10.6125	655969
10.61666667	655896
10.62083333	655788
10.625	655736
10.62916667	655641
10.63333333	655570
10.6375	655557
10.64166667	655483
10.64583333	655427
10.65	655425
10.65416667	655344
10.65833333	655344
10.6625	655344
10.66666667	655294
10.67083333	655294
10.675	655281
10.67916667	655309
10.68333333	655347
10.6875	655353
10.69166667	655383
10.69583333	655427
10.7	655498
10.70416667	655533
10.70833333	655586
10.7125	655678
10.71666667	655812
10.72083333	655927
10.725	656114
10.72916667	656242
10.73333333	656350
10.7375	656546
10.74166667	656755
10.74583333	656905
10.75	657126
10.75416667	657286
10.75833333	657543
10.7625	657750
10.76666667	657985
10.77083333	658106
10.775	658272
10.77916667	658420
10.78333333	658598
10.7875	658810
10.79166667	658883
10.79583333	659037
10.8	659098
10.80416667	659148
10.80833333	659263
10.8125	659284
10.81666667	659327
10.82083333	659393
10.825	659457
10.82916667	659457
10.83333333	659470
10.8375	659464
10.84166667	659470
10.84583333	659479
10.85	659479
10.85416667	659455
10.85833333	659377
10.8625	659356
10.86666667	659346
10.87083333	659331
10.875	659270
10.87916667	659270
10.88333333	659260
10.8875	659230
10.89166667	659189
10.89583333	659184
10.9	659184
10.90416667	659184
10.90833333	659194
10.9125	659194
10.91666667	659209
10.92083333	659199
10.925	659214
10.92916667	659228
10.93333333	659230
10.9375	659241
10.94166667	659257
10.94583333	659287
10.95	659357
10.95416667	659367
10.95833333	659400
10.9625	659456
10.96666667	659519
10.97083333	659593
10.975	659627
10.97916667	659703
10.98333333	659729
10.9875	659851
10.99166667	659916
10.99583333	659979
11	660037
11.00416667	660113
11.00833333	660277
11.0125	660291
11.01666667	660413
11.02083333	660473
11.025	660617
11.02916667	660709
11.03333333	660803
11.0375	660888
11.04166667	660999
11.04583333	661102
11.05	661233
11.05416667	661307
11.05833333	661402
11.0625	661534
11.06666667	661648
11.07083333	661777
11.075	661881
11.07916667	661974
11.08333333	662067
11.0875	662170
11.09166667	662263
11.09583333	662371
11.1	662480
11.10416667	662589
11.10833333	662724
11.1125	662792
11.11666667	662906
11.12083333	663030
11.125	663096
11.12916667	663186
11.13333333	663270
11.1375	663367
11.14166667	663464
11.14583333	663578
11.15	663624
11.15416667	663752
11.15833333	663808
11.1625	663865
11.16666667	663990
11.17083333	664013
11.175	664078
11.17916667	664124
11.18333333	664200
11.1875	664295
11.19166667	664363
11.19583333	664379
11.2	664439
11.20416667	664468
11.20833333	664551
11.2125	664560
11.21666667	664635
11.22083333	664672
11.225	664737
11.22916667	664776
11.23333333	664836
11.2375	664903
11.24166667	664967
11.24583333	665008
11.25	665010
11.25416667	665087
11.25833333	665121
11.2625	665216
11.26666667	665234
11.27083333	665281
11.275	665321
11.27916667	665381
11.28333333	665438
11.2875	665489
11.29166667	665493
11.29583333	665590
11.3	665634
11.30416667	665678
11.30833333	665739
11.3125	665855
11.31666667	665859
11.32083333	665931
11.325	666014
11.32916667	666072
11.33333333	666168
11.3375	666214
11.34166667	666321
11.34583333	666385
11.35	666449
11.35416667	666554
11.35833333	666621
11.3625	666700
11.36666667	666725
11.37083333	666806
11.375	666877
11.37916667	666973
11.38333333	667033
11.3875	667121
11.39166667	667138
11.39583333	667241
11.4	667281
11.40416667	667324
11.40833333	667349
11.4125	667403
11.41666667	667492
11.42083333	667507
11.425	667492
11.42916667	667463
11.43333333	667388
11.4375	667302
11.44166667	667144
11.44583333	666903
11.45	666650
11.45416667	666322
11.45833333	666005
11.4625	665509
11.46666667	665088
11.47083333	664593
11.475	664037
11.47916667	663483
11.48333333	662848
11.4875	662263
11.49166667	661680
11.49583333	661087
11.5	660464
11.50416667	659824
11.50833333	659276
11.5125	658648
11.51666667	658126
11.52083333	657623
11.525	657111
11.52916667	656609
11.53333333	656163
11.5375	655693
11.54166667	655337
11.54583333	654898
11.55	654575
11.55416667	654210
11.55833333	653879
11.5625	653621
11.56666667	653320
11.57083333	653067
11.575	652808
11.57916667	652639
11.58333333	652478
11.5875	652317
11.59166667	652106
11.59583333	651959
11.6	651841
11.60416667	651707
11.60833333	651580
11.6125	651485
11.61666667	651385
11.62083333	651321
11.625	651269
11.62916667	651173
11.63333333	651137
11.6375	651086
11.64166667	651069
11.64583333	650981
11.65	650981
11.65416667	650927
11.65833333	650868
11.6625	650868
11.66666667	650836
11.67083333	650873
11.675	650873
11.67916667	650878
11.68333333	650928
11.6875	650932
11.69166667	651003
11.69583333	651075
11.7	651099
11.70416667	651223
11.70833333	651296
11.7125	651443
11.71666667	651591
11.72083333	651696
11.725	651875
11.72916667	652082
11.73333333	652233
11.7375	652444
11.74166667	652645
11.74583333	652879
11.75	653101
11.75416667	653340
11.75833333	653550
11.7625	653782
11.76666667	654019
11.77083333	654191
11.775	654339
11.77916667	654519
11.78333333	654699
11.7875	654845
11.79166667	655012
11.79583333	655159
11.8	655253
11.80416667	655402
11.80833333	655440
11.8125	655534
11.81666667	655600
11.82083333	655611
11.825	655676
11.82916667	655712
11.83333333	655753
11.8375	655756
11.84166667	655768
11.84583333	655780
11.85	655780
11.85416667	655765
11.85833333	655740
11.8625	655722
11.86666667	655740
11.87083333	655722
11.875	655689
11.87916667	655674
11.88333333	655674
11.8875	655672
11.89166667	655693
11.89583333	655710
11.9	655710
11.90416667	655710
11.90833333	655741
11.9125	655748
11.91666667	655789
11.92083333	655819
11.925	655851
11.92916667	655859
11.93333333	655893
11.9375	655906
11.94166667	655957
11.94583333	656035
11.95	656082
11.95416667	656130
11.95833333	656194
11.9625	656198
11.96666667	656289
11.97083333	656368
11.975	656431
11.97916667	656543
11.98333333	656612
11.9875	656699
11.99166667	656839
11.99583333	656887
12	656963
12.00416667	657059
12.00833333	657181
12.0125	657293
12.01666667	657387
12.02083333	657486
12.025	657602
12.02916667	657746
12.03333333	657825
12.0375	657967
12.04166667	658087
12.04583333	658185
12.05	658357
12.05416667	658477
12.05833333	658633
12.0625	658702
12.06666667	658842
12.07083333	658918
12.075	659097
12.07916667	659191
12.08333333	659339
12.0875	659446
12.09166667	659594
12.09583333	659673
12.1	659823
12.10416667	659958
12.10833333	660006
12.1125	660178
12.11666667	660304
12.12083333	660419
12.125	660519
12.12916667	660626
12.13333333	660738
12.1375	660874
12.14166667	660994
12.14583333	661067
12.15	661198
12.15416667	661248
12.15833333	661360
12.1625	661419
12.16666667	661520
12.17083333	661570
12.175	661644
12.17916667	661758
12.18333333	661765
12.1875	661901
12.19166667	661913
12.19583333	662043
12.2	662052
12.20416667	662158
12.20833333	662183
12.2125	662218
12.21666667	662314
12.22083333	662381
12.225	662425
12.22916667	662456
12.23333333	662521
12.2375	662575
12.24166667	662624
12.24583333	662696
12.25	662799
12.25416667	662810
12.25833333	662885
12.2625	662956
12.26666667	663047
12.27083333	663057
12.275	663128
12.27916667	663218
12.28333333	663274
12.2875	663358
12.29166667	663425
12.29583333	663468
12.3	663594
12.30416667	663642
12.30833333	663712
12.3125	663806
12.31666667	663860
12.32083333	663950
12.325	663989
12.32916667	664117
12.33333333	664154
12.3375	664244
12.34166667	664315
12.34583333	664394
12.35	664497
12.35416667	664558
12.35833333	664654
12.3625	664697
12.36666667	664802
12.37083333	664825
12.375	664970
12.37916667	665034
12.38333333	665123
12.3875	665232
12.39166667	665295
12.39583333	665328
12.4	665429
12.40416667	665503
12.40833333	665549
12.4125	665626
12.41666667	665679
12.42083333	665770
12.425	665840
12.42916667	665874
12.43333333	665919
12.4375	666006
12.44166667	666006
12.44583333	666039
12.45	666039
12.45416667	666008
12.45833333	665963
12.4625	665811
12.46666667	665638
12.47083333	665419
